0.000762
0.000723
0.069914
0.036246
0.181889
0.177766
0.896889
0.576096
1.264398
4.831057
18.367767
16.287192
1.086756
0.638388
0.634991
0.440579
1.062027
0.887010
4.658376
1.117791
13.673083
12.816935
92.661769
68.430531
0.021731
0.002891
0.042170
0.030592
0.082630
0.069391
0.073092
0.264816
1.612871
2.392691
2.812493
2.936135
0.150326
0.216707
0.750819
0.315434
1.086760
0.988660
5.412000
1.060274
13.117332
9.989202
56.401703
63.427305
0.039452
0.017441
0.105254
0.040046
0.324312
0.328252
0.188616
0.530942
0.857004
5.254093
3.898523
4.198333
0.154590
0.106422
0.625462
0.471609
1.103028
1.128901
3.168458
1.366249
11.113972
9.695066
80.295539
72.729530
0.024140
0.021736
0.025624
0.015721
0.080250
0.068657
0.216081
0.602718
1.024095
6.035507
4.059083
4.134422
0.031262
0.206066
0.643680
0.399356
0.877522
0.994807
4.822062
0.901628
12.665618
10.128091
66.525548
74.459408
0.002951
0.019563
0.048322
0.025542
0.090952
0.047996
0.153246
0.691914
0.944256
5.391115
3.878956
3.892027
0.199852
0.108607
0.397164
0.347479
1.191692
1.042011
3.437556
1.488761
14.103461
10.195556
66.491461
82.175259
