0.014217
0.019882
0.030135
0.007936
0.119062
0.077790
0.222144
0.205259
1.034421
2.641609
4.823825
4.160361
0.424044
0.095948
0.645096
0.359491
1.024505
1.011654
3.882791
1.589943
10.543409
10.220911
63.083366
63.965743
0.028363
0.002244
0.049164
0.018180
0.094745
0.097716
0.180302
0.254006
1.624281
2.551739
4.986361
4.678504
0.105305
0.169900
0.717958
0.413901
1.237926
0.842930
6.391383
0.984993
12.145704
10.248186
59.814471
75.905946
0.000653
0.017673
0.027329
0.031190
0.078821
0.073062
0.758085
0.837574
1.279594
7.762336
3.812260
4.150159
0.047809
0.146849
0.656879
0.298811
1.271096
1.406346
4.778707
1.670227
11.192260
9.215301
57.768200
67.205720
0.000762
0.000723
0.069914
0.036246
0.181889
0.177766
0.896889
0.576096
1.264398
4.831057
18.367767
16.287192
1.086756
0.638388
0.634991
0.440579
1.062027
0.887010
4.658376
1.117791
13.673083
12.816935
92.661769
68.430531
0.021731
0.002891
0.042170
0.030592
0.082630
0.069391
0.073092
0.264816
1.612871
2.392691
2.812493
2.936135
0.150326
0.216707
0.750819
0.315434
1.086760
0.988660
5.412000
1.060274
13.117332
9.989202
56.401703
63.427305
0.039452
0.017441
0.105254
0.040046
0.324312
0.328252
0.188616
0.530942
0.857004
5.254093
3.898523
4.198333
0.154590
0.106422
0.625462
0.471609
1.103028
1.128901
3.168458
1.366249
11.113972
9.695066
80.295539
72.729530
0.024140
0.021736
0.025624
0.015721
0.080250
0.068657
0.216081
0.602718
1.024095
6.035507
4.059083
4.134422
0.031262
0.206066
0.643680
0.399356
0.877522
0.994807
4.822062
0.901628
12.665618
10.128091
66.525548
74.459408
0.002951
0.019563
0.048322
0.025542
0.090952
0.047996
0.153246
0.691914
0.944256
5.391115
3.878956
3.892027
0.199852
0.108607
0.397164
0.347479
1.191692
1.042011
3.437556
1.488761
14.103461
10.195556
66.491461
82.175259
0.006202
0.154583
0.198988
0.585072
0.392731
0.221803
0.164738
0.747306
2.698993
19.563588
10.309152
4.285193
0.060327
0.110686
0.891778
1.369327
1.094659
0.931825
14.052113
4.144747
29.927336
28.717661
73.948932
69.062733
0.099883
0.022131
0.376251
0.489022
0.922711
0.395166
1.795477
1.688541
1.433911
6.148791
11.045898
28.567415
0.908229
0.564545
1.154704
0.346305
4.432990
1.705364
10.337346
8.432188
34.173187
37.225704
60.851681
64.644314