0.009632
0.003840
0.025726
0.022016
0.084287
0.047090
0.063639
0.107669
0.168432
0.192828
0.886271
0.454430
0.068377
0.065061
0.125379
0.093147
0.569646
0.195361
0.127095
0.171972
0.226997
0.257859
0.789434
0.600195
0.000658
0.002936
0.026500
0.019633
0.088527
0.045518
0.073966
0.122381
0.167470
0.215990
0.929409
0.467462
0.063273
0.051829
0.112792
0.118503
0.611441
0.172994
0.116273
0.173030
0.208509
0.284279
0.718777
0.684468
0.001494
0.006616
0.022632
0.019569
0.055957
0.064232
0.058411
0.101709
0.123806
0.195066
0.852028
0.485630
0.037059
0.031549
0.039863
0.057053
0.241179
0.108378
0.140800
0.161935
0.195514
0.327394
0.755714
0.622163
0.017551
0.034721
0.043422
0.042524
0.153278
0.135257
0.188296
0.285508
0.311763
0.740020
2.048399
1.435969
0.058960
0.061853
0.077707
0.066512
0.722988
0.326965
0.189797
0.339283
0.404254
0.523988
1.492620
1.602636
