0.004747
0.017570
0.028592
0.014898
0.079387
0.043459
0.155364
0.218376
0.366643
0.388428
1.960394
1.029605
0.036737
0.027165
0.063925
0.088894
0.280456
0.108094
0.118669
0.148946
0.222313
0.258653
0.791695
0.671135
0.017795
0.012291
0.053005
0.060161
0.197185
0.172729
0.149634
0.228602
0.365133
0.385796
1.877954
1.064916
0.070186
0.076080
0.062022
0.112238
0.668580
0.406096
0.112387
0.159933
0.222519
0.260093
0.783433
0.605420
0.002054
0.005820
0.038729
0.014797
0.071681
0.044585
0.076099
0.097229
0.177307
0.201903
0.901556
0.446538
0.069100
0.067173
0.090736
0.127705
0.546371
0.215521
0.138284
0.142380
0.200165
0.254030
0.709965
0.676565
0.009459
0.002339
0.027248
0.021831
0.077297
0.043762
0.087413
0.083992
0.171399
0.203651
0.930006
0.450812
0.030224
0.012366
0.053387
0.035857
0.361287
0.089610
0.227429
0.421561
0.395237
0.406207
1.054726
1.135368
0.000653
0.014440
0.142427
0.104202
0.352696
0.258609
0.178817
0.225817
0.389612
0.513679
1.922832
0.990680
0.035802
0.016173
0.047933
0.077623
0.320389
0.126564
0.189965
0.313757
0.328029
0.673567
1.092164
1.339495
0.007850
0.012412
0.027600
0.006968
0.087852
0.061280
0.083550
0.090031
0.146479
0.216006
0.882208
0.480747
0.090525
0.064860
0.113635
0.065910
0.567149
0.231674
0.187406
0.213579
0.360787
0.445608
1.387188
1.128524
0.015843
0.023174
0.047121
0.095658
0.241546
0.126589
0.083076
0.107100
0.162641
0.235757
0.865935
0.409818
0.028396
0.030007
0.053497
0.048536
0.266241
0.092584
0.116057
0.158194
0.218995
0.248061
0.734438
0.664375
0.013778
0.000625
0.024087
0.009747
0.071940
0.055924
0.084213
0.091469
0.150817
0.196125
0.902748
0.454443
0.059309
0.052960
0.136250
0.137675
0.830585
0.478404
0.207280
0.391335
0.298473
0.371240
1.120019
0.995804
0.009907
0.022518
0.036293
0.067705
0.150676
0.113349
0.156414
0.220841
0.311698
0.388295
1.646650
1.121601
0.230369
0.395949
0.377022
0.471543
2.235323
0.905271
0.385077
0.531878
0.770513
0.616475
1.537338
0.695007
0.007216
0.000638
0.026846
0.025715
0.087645
0.044873
0.157947
0.251214
0.376536
0.383232
1.777096
0.993973
0.094510
0.099611
0.124404
0.082795
0.346991
0.212024
0.217523
0.239079
0.425662
0.443110
1.053254
1.186897
