0.015996
0.029332
0.072651
0.064504
0.210396
0.187585
0.066931
0.094692
0.178771
0.186801
0.890028
0.470212
0.035405
0.021849
0.055312
0.035591
0.304398
0.087330
0.117776
0.160019
0.229538
0.266286
0.785190
0.671321
0.006291
0.005828
0.034890
0.012915
0.061640
0.050347
0.064031
0.097389
0.133922
0.220686
0.897224
0.471898
0.269566
0.113518
0.304501
0.162845
0.733433
0.371886
0.170275
0.233253
0.266673
0.323202
0.843999
1.419062
0.005539
0.035710
0.109819
0.070938
0.264263
0.346229
0.115048
0.163979
0.229661
0.296127
1.296780
0.644746
0.079330
0.073610
0.113428
0.089048
1.169019
0.441959
0.281139
0.327869
0.591401
0.668914
1.857683
2.207707
0.024247
0.023635
0.073727
0.045426
0.140859
0.111434
0.089914
0.096581
0.190644
0.197513
0.930056
0.444384
0.065016
0.050246
0.086312
0.079065
0.398577
0.236399
0.103320
0.150992
0.214074
0.252989
0.727696
0.788685
0.010537
0.000648
0.026653
0.021477
0.072135
0.046113
0.077975
0.108434
0.145844
0.189948
0.905418
0.384462
0.063955
0.058292
0.162833
0.164516
0.736514
0.356214
0.114117
0.149200
0.211292
0.246869
0.767029
0.740205
0.018100
0.025626
0.082087
0.050888
0.191525
0.230986
0.137446
0.193587
0.386042
0.411428
1.847704
0.922972
0.071668
0.039872
0.092759
0.078474
0.569725
0.245798
0.106093
0.154138
0.202221
0.256820
0.728807
0.713610
0.001843
0.001819
0.024272
0.011739
0.080633
0.082920
0.165771
0.187402
0.365439
0.383719
1.831033
1.065449
0.080259
0.040418
0.098341
0.072218
0.590553
0.255990
0.210568
0.261183
0.406423
0.442534
1.143087
1.680120
0.016291
0.009645
0.019968
0.018474
0.080636
0.040350
0.206540
0.324218
0.473226
0.540039
2.132810
1.467606
0.131067
0.368256
0.121867
0.406784
0.774007
0.465413
0.225666
0.259670
0.768107
0.695722
2.579008
2.288023
0.073395
0.060300
0.106562
0.151864
0.256557
0.507110
0.132880
0.167989
0.249554
0.270879
1.585465
0.609645
0.072443
0.157475
0.228401
0.269519
1.453415
0.709475
0.679124
0.394528
0.546442
0.632684
1.681165
2.815665
0.000744
0.014867
0.070403
0.041885
0.157401
0.138567
0.220287
0.354293
0.533750
0.845576
3.854285
2.885821
0.044776
0.059283
0.082490
0.119266
0.539203
0.186146
0.498191
0.423906
0.844080
2.959593
2.010088
3.362202
