0.014989
0.005839
0.003253
0.000896
0.005661
0.012832
0.019602
0.017467
0.009469
0.006627
0.007922
0.008795
0.080098
0.053846
0.058838
0.039264
0.059076
0.070998
0.061094
0.099432
0.110401
0.112645
0.094424
0.076838
0.185174
0.196149
0.268696
0.241683
0.354144
0.278610
0.895932
0.904595
0.832183
0.629990
1.895587
1.652189
0.038968
0.015923
0.004448
0.006192
0.009906
0.005614
0.056926
0.032628
0.071278
0.020633
0.089299
0.067409
0.299640
0.142031
0.227968
0.164013
0.424936
0.338842
0.195889
0.215719
0.235147
0.220331
0.230191
0.258864
0.339586
0.409629
0.427042
0.442159
1.194239
0.899583
1.018073
1.951568
1.346316
1.225664
5.751555
4.379151
0.005550
0.004975
0.004901
0.007368
0.001006
0.001008
0.030967
0.005456
0.007379
0.007048
0.010243
0.012757
0.065906
0.074147
0.065785
0.060417
0.081848
0.064999
0.158635
0.187484
0.246348
0.236477
0.236307
0.191485
0.279884
0.386606
0.631874
0.458768
0.596642
0.669160
1.681552
1.755975
1.604685
1.077788
2.753370
3.247431
0.035035
0.030556
0.025267
0.025747
0.012581
0.014012
0.041752
0.044586
0.073530
0.023220
0.061263
0.059478
0.339189
0.162858
0.205044
0.127223
0.437721
0.319150
0.110560
0.136852
0.124750
0.137364
0.136341
0.196112
0.194225
0.230244
0.292007
0.267060
0.785547
0.820495
0.664484
0.511173
0.955151
0.785413
4.995683
4.615038
0.019001
0.005271
0.016534
0.007274
0.005442
0.004524
0.017199
0.015167
0.025070
0.019018
0.013951
0.008764
0.086433
0.070809
0.076112
0.040552
0.062702
0.076835
0.075502
0.077932
0.107971
0.106866
0.068638
0.074069
0.142323
0.226531
0.242279
0.213159
0.298227
0.284117
0.923538
0.902881
0.709839
0.601059
1.422424
1.564655
0.019365
0.027729
0.015130
0.004035
0.020882
0.019601
0.043085
0.043277
0.070209
0.024119
0.047905
0.037812
0.272499
0.100887
0.207392
0.120777
0.391591
0.328410
0.123463
0.136141
0.140732
0.145157
0.130952
0.162402
0.225788
0.256842
0.315873
0.241520
0.779963
0.864807
0.662325
0.544187
0.870193
0.744905
5.008382
4.922018
0.004976
0.005320
0.003186
0.016584
0.007400
0.003377
0.038105
0.012095
0.011847
0.012613
0.009269
0.013512
0.080909
0.056911
0.043766
0.041784
0.056132
0.072673
0.069232
0.098397
0.115162
0.113422
0.092118
0.097804
0.171676
0.207322
0.283400
0.200716
0.267634
0.324532
0.889952
0.945530
0.780887
0.617321
1.475798
1.697927
0.059266
0.034738
0.027984
0.035671
0.022249
0.021235
0.084474
0.074617
0.063528
0.083543
0.145006
0.090480
0.508469
0.167151
0.343234
0.232281
0.662942
0.330460
0.114091
0.145039
0.129542
0.150114
0.131377
0.182535
0.219535
0.259760
0.299849
0.243535
0.837054
0.859845
0.703686
0.759594
0.869963
0.784578
5.314933
5.028596
0.004392
0.001727
0.001489
0.001175
0.001256
0.005729
0.030282
0.007938
0.017661
0.038579
0.016543
0.009136
0.096435
0.046143
0.076540
0.040076
0.059839
0.074040
0.158771
0.197341
0.196746
0.240412
0.201675
0.161830
0.299171
0.330327
0.373092
0.378098
0.448254
0.446656
1.799747
1.901366
1.405387
1.124992
1.963339
2.310360
0.042878
0.022714
0.001522
0.005016
0.006780
0.007289
0.061225
0.054060
0.028548
0.051130
0.066354
0.047762
0.250478
0.112704
0.170802
0.104275
0.371978
0.306207
0.122336
0.138228
0.129110
0.152291
0.144290
0.193748
0.204003
0.259734
0.276223
0.263355
0.821443
0.847095
0.676814
0.573218
0.880283
0.802763
5.026437
4.711801
0.034451
0.019741
0.022185
0.017094
0.033865
0.014421
0.071037
0.086167
0.089845
0.072806
0.065524
0.037252
0.351427
0.183740
0.220516
0.239403
0.270280
0.185417
0.088208
0.100943
0.090559
0.110334
0.053250
0.086752
0.148268
0.182153
0.273430
0.219383
0.315719
0.315122
0.921942
0.955947
0.803774
0.598870
1.766970
1.604101
0.020117
0.027301
0.005911
0.021346
0.017205
0.013542
0.054044
0.044665
0.026881
0.018032
0.084075
0.043843
0.378442
0.083826
0.185944
0.100010
0.453563
0.335407
0.217277
0.252946
0.252763
0.276641
0.396724
0.340178
0.453488
0.457280
0.510360
0.500745
2.055468
0.989274
1.047044
2.012787
1.388827
1.366445
11.781093
8.487390
0.000575
0.008968
0.001689
0.000733
0.007670
0.007907
0.033630
0.015553
0.012669
0.006748
0.007996
0.008776
0.087990
0.072708
0.053448
0.069369
0.059037
0.070377
0.081523
0.106002
0.097535
0.101618
0.104887
0.088826
0.169103
0.180780
0.243861
0.211437
0.330989
0.324415
0.923902
0.928191
0.819105
0.627294
1.629429
1.663439
0.033715
0.013338
0.003819
0.001702
0.011983
0.003440
0.045664
0.122782
0.025853
0.026048
0.065703
0.072238
0.255631
0.133685
0.206949
0.104998
0.356405
0.298636
0.186112
0.217956
0.242329
0.241427
0.245702
0.286859
0.423620
0.418506
0.445796
0.434998
1.159759
0.993658
1.071221
1.949402
1.324011
1.247627
7.182035
5.012217
0.006704
0.005253
0.001025
0.001703
0.004047
0.000777
0.024389
0.009922
0.010809
0.010996
0.008065
0.009560
0.072053
0.054884
0.065943
0.049178
0.055514
0.074561
0.073560
0.095502
0.105540
0.103555
0.099033
0.092703
0.161341
0.170488
0.206320
0.178629
0.304214
0.305050
0.920642
0.916471
0.646259
0.529170
1.547477
1.493398
0.027806
0.027043
0.004691
0.002191
0.008868
0.010813
0.092659
0.073489
0.027777
0.021492
0.063723
0.056018
0.340326
0.092732
0.162130
0.106396
0.379594
0.316430
0.119443
0.133081
0.097357
0.148488
0.120327
0.164674
0.222069
0.245653
0.204267
0.233174
0.686979
0.664891
0.661768
0.521591
0.645938
0.721125
4.070781
3.657466
0.002748
0.008106
0.011192
0.008069
0.004673
0.001056
0.035327
0.008208
0.015889
0.015295
0.024285
0.018438
0.082939
0.044774
0.157658
0.089631
0.065829
0.093653
0.162751
0.182552
0.184755
0.248329
0.166251
0.169528
0.352469
0.371649
0.457549
0.395366
0.529254
0.489490
2.017562
2.109560
1.457259
1.153596
1.951524
2.545250
0.038871
0.023965
0.016613
0.008982
0.009005
0.014539
0.076839
0.030204
0.110221
0.016890
0.090745
0.038244
0.252404
0.140022
0.217701
0.127259
0.441935
0.324800
0.224035
0.252231
0.293411
0.289675
0.397852
0.461336
0.477824
0.850155
0.595674
0.462009
2.558071
3.027685
1.048847
2.070836
2.057843
1.774872
34.316128
20.499080
0.010244
0.036641
0.017317
0.013742
0.027448
0.006933
0.082934
0.067518
0.067486
0.056392
0.053114
0.052131
0.252873
0.235821
0.248661
0.212246
0.234115
0.161765
0.142805
0.207629
0.249560
0.224173
0.202208
0.193843
0.335496
0.392035
0.539025
0.429658
0.608475
0.706589
1.850813
2.030467
1.624272
1.252091
3.254264
4.069886
0.083604
0.059527
0.053917
0.061431
0.041974
0.053318
0.087490
0.082324
0.152263
0.067292
0.092928
0.112964
0.525680
0.251845
0.418110
0.526054
0.464140
0.640697
0.123743
0.149539
0.139139
0.143235
0.137707
0.160684
0.224100
0.241588
0.287069
0.244020
0.994378
0.764769
0.666853
0.516684
0.977179
0.751231
4.966238
4.575217
