0.022778
0.036383
0.041366
0.047074
0.048318
0.028056
0.023350
0.065147
0.088934
0.112594
0.105138
0.092675
0.126786
0.135643
0.201952
0.297949
0.377819
0.623546
0.427385
0.450087
0.337103
0.447835
0.490899
0.748253
0.226508
0.248928
0.304774
0.322307
0.347350
0.424476
0.195971
2.303844
0.373710
0.484752
0.697504
0.540943
1.175317
1.034264
1.160874
13.303553
2.124380
2.257582
2.647566
1.638248
7.168423
5.970792
5.337275
101.280366
0.149984
0.245278
0.122661
0.247733
0.185218
0.136709
0.541653
0.389065
0.222991
0.308999
0.261089
0.217423
0.578684
0.430703
0.385864
11.609157
3.156806
0.699941
0.794896
0.640684
1.929930
1.019497
1.418664
11.935500
0.202108
0.275002
0.267119
0.390796
0.410783
0.413644
14.523051
19.919183
1.634242
2.461753
3.495433
0.884608
7.729148
2.093505
66.055479
88.347582
1.153891
0.927842
1.559877
1.336149
11.089807
8.605251
