0.003741
0.016807
0.031479
0.004408
0.025027
0.013580
0.009240
0.042376
0.070022
0.036351
0.062303
0.052223
0.067075
0.062761
0.055253
0.245289
0.198428
0.096969
0.273051
0.176972
0.235174
0.237844
0.134866
0.574230
0.160421
0.187185
0.276745
0.257493
0.349470
0.279295
0.269561
1.915452
0.396303
0.644023
0.634461
0.501947
2.054255
1.295159
1.119737
11.953441
2.306968
3.160813
2.714936
2.475631
12.302544
16.108796
4.804204
139.927516
0.102321
0.301293
0.134262
0.136899
0.357130
0.436026
1.877869
0.570033
0.105702
0.096257
0.074333
0.077477
0.263406
0.126743
8.189073
1.494540
0.802517
0.661077
1.835758
0.478358
1.208119
0.922063
2.206235
12.765099
0.341204
0.362556
0.393314
0.778197
0.596884
2.584080
6.079884
11.721758
0.599947
0.759636
0.896342
0.746749
2.633452
3.062275
10.151659
