0.021513
0.033989
0.053536
0.050602
0.046070
0.026169
0.038812
0.069077
0.090641
0.071424
0.090550
0.081991
0.135758
0.066334
0.077010
0.250807
0.384597
0.256071
0.408243
0.408642
0.576284
0.325987
0.252132
0.814397
0.129118
0.173673
0.248386
0.313488
0.323444
0.321526
0.472745
2.104099
0.386607
0.478373
0.791933
0.545573
1.043603
0.868738
1.079946
8.390775
2.298316
2.343152
2.470989
1.255271
3.355735
4.352691
4.478172
33.750640
0.214412
0.874029
0.189343
0.173456
0.100659
0.170174
0.619647
0.374226
0.174538
0.302932
0.386311
0.285426
0.559713
0.528277
0.642237
3.044007
0.784099
0.894568
1.050151
0.919729
1.201238
1.630272
1.173032
7.902030
0.169922
0.247451
0.252728
0.258097
0.290019
0.401360
3.494177
17.162750
0.406869
0.436972
0.509248
0.508943
2.228366
1.846891
11.834588
91.592285
1.059837
0.798843
1.615759
1.308115
9.622514
7.476729
