0.000972
0.024611
0.052799
0.035306
0.025215
0.034648
0.056986
0.071264
0.092039
0.098231
0.179510
0.103184
0.185201
0.175890
0.314972
0.324811
0.466529
0.313871
0.116364
0.173918
0.195179
0.214195
0.182970
0.181548
0.280344
0.336308
0.425660
0.405800
0.654960
0.740780
1.861218
2.004696
1.534876
1.287114
0.012540
0.044041
0.051172
0.019763
0.028891
0.035066
0.072097
0.163766
0.163567
0.145536
0.111644
0.123803
0.232733
0.593046
3.736026
3.508020
0.513606
0.620543
0.431732
0.572269
0.294923
0.370773
0.370333
0.437177
0.405509
0.292977
0.115745
0.132209
0.132479
0.223414
0.084564
0.217194
0.365672
0.515685
0.406502
0.316647
0.483992
0.558139
0.245295
0.256111
0.400702
0.886065
0.549500
0.380860
1.979278
0.586702
1.178180
2.182938
1.349758
0.872910
1.505831
1.538781
1.548592
1.905084
3.287124
2.877665
0.296870
0.392402
0.395887
0.401966
0.691886
0.514685
0.183076
0.176422
0.131370
0.181332
0.140936
0.141130
0.602020
0.677249
0.371439
0.342650
0.190663
0.294704
0.880675
0.776075
0.792752
0.405982
1.743308
0.853364
2.522519
1.935944
0.564153
0.831823
2.020300
1.236191
3.265205
1.521788
2.083406
1.983339
0.193308
0.258127
0.255922
0.262619
0.337800
0.370381
0.392021
0.515607
16.416838
17.459481
0.022360
0.023952
0.042812
0.056011
0.042252
0.015970
0.056106
0.080472
0.098065
0.111820
0.176543
0.153615
0.182918
0.098620
0.260331
0.209101
0.223528
0.241235
0.246502
0.288090
0.409167
0.480441
0.426513
0.347135
0.563530
0.633818
0.880503
0.654171
1.751721
2.058029
2.628578
2.481725
2.331780
1.693282
9.568553
13.883649
0.107157
0.095433
0.065074
0.075552
0.059952
0.051861
0.206173
0.175701
0.153309
0.129316
0.270972
0.195337
0.806264
0.251697
0.437084
0.433471
1.030578
0.563292
0.684480
0.681844
0.427141
0.790118
0.924656
0.848683
0.571155
0.879381
0.831736
0.822748
3.893155
4.097291
1.767330
2.918512
2.837891
2.739022
28.274147
25.696197
0.003894
0.070506
0.042450
0.084017
0.050605
0.040922
0.218931
0.135448
0.163195
0.190754
0.180453
0.197350
0.322816
0.272183
1.048805
0.894578
1.445232
1.099467
0.153038
0.145693
0.199944
0.274278
0.175773
0.208324
0.400900
0.853619
0.862889
0.330403
0.527076
1.577032
2.346152
1.759312
1.394622
1.852918
3.132646
2.356916
0.173040
0.148578
0.142977
0.139115
0.086332
0.085305
0.145424
0.216336
0.210749
0.184796
0.710209
0.622480
1.374307
0.574002
0.989954
1.262388
4.896336
3.455469
0.174665
0.222543
0.203962
0.229054
0.213435
0.354397
0.294616
0.456634
0.488644
0.377574
1.709918
1.312189
1.135680
0.864718
1.492212
1.309772
8.395480
8.939622
0.007993
0.022480
0.037968
0.032218
0.017291
0.010720
0.620137
2.651398
1.635232
0.056362
0.110706
0.056210
0.279503
0.138518
1.246829
2.017982
1.009501
0.594929
0.242575
0.467168
0.483734
0.942072
0.970846
0.559847
0.512635
0.631158
0.879990
0.635276
4.576619
7.675665
5.761355
4.782521
3.123395
10.292763
15.319181
28.606158
0.060439
0.089057
0.060153
0.072394
0.041128
0.043655
0.078380
0.107353
0.077916
0.111871
0.246196
0.253026
0.717335
0.523066
5.493953
0.610040
5.596950
1.398995
0.298023
0.646804
0.378602
0.531456
2.036096
2.472556
0.665920
0.867472
0.774313
0.640888
1.912465
2.271222
1.858086
2.536455
2.481368
2.172905
17.454537
24.058740
0.014378
0.023154
0.039262
0.032124
0.036250
0.019079
0.109457
0.107041
0.125359
0.144632
0.118152
0.102395
0.278261
0.276537
0.305366
0.284812
0.155225
0.180103
0.097254
0.127684
0.179940
0.195781
0.162509
0.158071
0.253111
0.397644
0.456001
0.387423
0.750660
0.658595
1.468247
1.423212
0.861874
0.951652
3.122455
2.096037
0.054858
0.056136
0.034116
0.049501
0.029130
0.048369
0.091467
0.093209
0.063513
0.063521
0.098531
0.111619
0.377491
0.245915
0.295267
0.206013
0.601145
0.416433
0.279167
0.381223
0.336719
0.370457
0.366896
0.450147
0.472925
0.647551
0.731851
0.677100
1.507140
1.703976
1.801120
2.865388
2.390554
2.033572
8.958304
7.861025
0.001351
0.015635
0.005762
0.010100
0.030070
0.016813
0.043110
0.043581
0.058694
0.063770
0.060075
0.044239
0.109682
0.097518
0.146666
0.121727
0.176559
0.148634
0.237128
0.436825
0.284925
0.352021
0.348325
0.231263
0.669814
0.845614
0.793871
0.725656
1.039167
0.855419
2.960419
2.661792
1.962545
1.768912
2.593266
3.084371
0.082111
0.286830
0.071395
0.113313
0.047693
0.083016
0.222203
0.235651
0.140380
0.259943
0.219224
0.164988
0.881234
0.483580
0.643685
0.508122
0.759253
0.720672
0.126041
0.145668
0.167121
0.154414
0.177015
0.167651
0.199673
0.259583
0.318748
0.297531
1.098217
0.829150
0.824192
0.525862
0.976155
0.874645
7.613415
6.746595
0.008580
0.013040
0.009628
0.007025
0.001199
0.002186
0.029109
0.021275
0.026693
0.028663
0.019838
0.011695
0.119337
0.050644
0.112585
0.067193
0.075672
0.074038
0.157531
0.219684
0.363389
0.337909
0.352071
0.276638
0.429694
0.570107
0.828151
0.704606
1.777382
1.621408
2.399049
2.089900
1.876181
1.865698
8.667113
7.342982
0.115878
0.077337
0.105892
0.115631
0.047868
0.056083
0.123894
0.107322
0.096953
0.124550
0.306213
0.139404
0.717434
0.357036
0.502947
0.319284
1.689926
0.664030
0.127827
0.148829
0.140780
0.151601
0.140751
0.227215
0.224465
0.287510
0.391066
0.409389
1.243422
0.761701
0.891880
0.752194
1.151412
0.904834
6.135997
4.574241
0.011743
0.005489
0.009680
0.000766
0.001662
0.003499
0.019428
0.013211
0.032226
0.011648
0.019787
0.009653
0.071479
0.043164
0.082175
0.054155
0.091363
0.110396
0.218018
0.262648
0.305294
0.314138
0.235991
0.236559
0.455141
0.473798
0.559049
0.487927
0.516174
0.570726
2.189023
2.341800
1.823292
1.374160
3.002394
2.637400
0.289879
0.095215
0.062854
0.064228
0.048646
0.113634
0.148421
0.141997
0.212725
0.162812
0.531923
0.458993
0.916203
0.570070
0.832378
0.699396
1.429373
1.477530
0.237228
0.350069
0.239616
0.348366
0.278354
0.379979
0.500446
0.611666
0.602913
0.628614
1.398513
1.249389
1.380490
2.219790
1.774505
1.584638
5.778077
6.650424
0.009657
0.014139
0.006690
0.007677
0.013362
0.004820
0.072676
0.066121
0.074396
0.017546
0.034175
0.027180
0.144753
0.077422
0.110362
0.139802
0.136215
0.192180
0.092435
0.113983
0.145557
0.143793
0.095576
0.085395
0.144947
0.173452
0.183904
0.208824
0.315481
0.291690
0.897755
0.909399
0.724401
0.641205
1.498293
1.435180
0.090583
0.071439
0.050956
0.065863
0.041351
0.042156
0.087253
0.089733
0.102801
0.094187
0.103135
0.080594
0.476816
0.271195
0.468303
0.385983
0.613762
0.384952
0.110907
0.175555
0.160137
0.155371
0.236963
0.183679
0.248315
0.234624
0.301722
0.269174
1.187815
0.811190
1.006546
0.747392
0.964155
0.805016
6.059939
4.892726
0.003732
0.022487
0.005229
0.016635
0.000813
0.001115
0.029842
0.006097
0.016494
0.011921
0.011993
0.014047
0.079556
0.065966
0.108211
0.065574
0.063654
0.074952
0.081248
0.083509
0.117566
0.104546
0.117497
0.082304
0.124697
0.154849
0.292654
0.206562
0.325955
0.312370
0.870919
0.916492
0.768723
0.643592
1.977116
1.595936
0.034550
0.008527
0.004293
0.001721
0.013092
0.003715
0.045129
0.074201
0.150545
0.012231
0.070798
0.116157
0.681055
0.127740
0.443761
0.132112
0.389169
0.436799
0.234981
0.295848
0.237255
0.319081
0.323020
0.333550
0.441418
0.513523
0.520109
0.563874
1.401187
1.133557
1.253039
2.252790
1.430709
1.442145
8.756454
6.477486
