0.068463
0.066366
0.087921
0.108686
0.074339
0.027409
0.136425
0.188447
0.211914
0.209263
0.134190
0.134376
1.221685
2.144083
2.704770
1.999765
0.729370
0.635980
0.296417
0.282652
0.394347
0.485557
0.451406
0.509005
0.589152
0.730787
1.246253
0.877855
1.446764
1.643915
2.451278
3.049464
1.935258
1.674061
8.836671
12.994461
0.082580
0.085058
0.059304
0.065712
0.045743
0.071016
0.117185
0.153914
0.101691
0.079598
0.263581
0.164796
0.389687
0.152507
0.187919
0.140061
0.779769
0.676911
0.443940
0.287960
0.368752
0.374130
0.355348
0.376593
1.271033
1.001461
0.693463
0.657526
2.489681
2.150150
1.443601
1.111735
1.818619
1.707741
29.361270
15.842257
0.021974
0.062843
0.114125
0.082476
0.044204
0.065333
0.172831
0.197063
0.106343
0.204892
0.142109
0.093031
0.354599
0.364465
0.457721
0.368299
0.286744
0.401635
0.095492
0.148378
0.157547
0.207114
0.129142
0.163230
0.194861
0.319683
0.358823
0.319014
0.626984
0.564390
1.527650
1.736527
1.915870
1.138748
4.876443
5.905777
0.136385
0.167909
0.154686
0.154413
0.144993
0.137442
0.277720
0.452197
0.229239
0.288054
0.507424
0.510600
1.191941
0.686307
1.050738
1.191997
2.292004
1.379934
