0.005143
0.019172
0.042215
0.025997
0.026531
0.043106
0.044126
0.126435
0.076432
0.224935
0.084072
0.093692
0.102035
0.149452
0.100025
0.347011
0.210072
0.346444
0.399980
0.422522
0.371758
0.814176
0.253380
0.868356
0.226086
0.261142
0.310345
0.345180
0.930923
0.267748
0.633381
3.377408
0.897233
1.199934
1.394341
1.073567
2.332070
2.384992
2.534480
12.096041
2.246427
2.533554
1.599067
1.377768
3.247625
3.506423
4.432298
43.189299
0.086482
0.137141
0.113940
0.128974
0.051722
0.176802
0.161676
0.263518
0.214691
0.239219
0.269137
0.196632
0.143972
3.663962
3.066776
3.845811
1.696142
0.673793
1.145764
0.787366
0.758139
1.074060
2.051115
9.980534
0.257163
0.516748
0.751842
0.799547
0.372336
4.538349
19.554687
29.707058
0.353028
0.367087
0.477924
0.428851
1.043176
1.078650
10.637161
124.098782
1.502064
0.871536
1.426507
1.131983
9.936681
16.806997

===================================================================================
=   BAD TERMINATION OF ONE OF YOUR APPLICATION PROCESSES
=   PID 16321 RUNNING AT csews65
=   EXIT CODE: 9
=   CLEANING UP REMAINING PROCESSES
=   YOU CAN IGNORE THE BELOW CLEANUP MESSAGES
===================================================================================
