1.089138
1.203921
0.940787
1.425284
1.189090
0.972047
2.976960
0.938538
1.083820
5.001762
1.411818
1.132282
9.809562
1.394648
1.019733
10.217265
1.942762
1.599227
18.945431
6.318818
5.374870
2.242648
1.051903
1.570865
1.525378
1.190943
1.024208
2.322328
1.168189
1.067930
4.181779
1.075979
0.989729
8.225545
1.582587
1.358263
7.581472
1.838753
1.537346
25.925544
7.408420
5.407503
1.065696
1.155918
1.126548
2.522384
1.088249
1.087980
2.705042
0.987890
1.247888
4.878085
1.319304
1.007292
8.993648
1.668710
1.070897
11.165633
1.926717
1.625799
20.593009
6.088795
5.589995
1.189751
1.083948
1.235956
1.916976
1.303074
1.255935
2.081050
1.104045
1.128210
5.449682
1.359327
1.235525
10.285128
1.502562
0.959530
16.281240
2.212327
1.603230
24.641178
6.226417
5.748068
1.665021
1.623941
1.468074
1.517218
0.948763
1.187974
2.747968
1.460793
1.559156
5.397965
1.283212
1.058459
9.376750
1.429348
1.056844
11.080405
1.847489
1.626586
23.873196
7.478366
6.452824
