1,49,256,0.841397
2,49,256,0.819910
3,49,256,0.880521
1,49,1024,0.901382
2,49,1024,0.942138
3,49,1024,1.113078
1,49,4096,1.578271
2,49,4096,0.975953
3,49,4096,0.963776
1,49,16384,3.441879
2,49,16384,1.315755
3,49,16384,0.899857
1,49,65536,5.289806
2,49,65536,1.199536
3,49,65536,1.023366
1,49,262144,6.017213
2,49,262144,1.389057
3,49,262144,1.234511
1,49,1048576,12.774835
2,49,1048576,4.148821
3,49,1048576,3.886759
1,49,256,0.851963
2,49,256,0.751903
3,49,256,1.011811
1,49,1024,1.241013
2,49,1024,0.835427
3,49,1024,1.155961
1,49,4096,1.959272
2,49,4096,1.074008
3,49,4096,1.023944
1,49,16384,3.015546
2,49,16384,1.355263
3,49,16384,0.979696
1,49,65536,5.965939
2,49,65536,1.438369
3,49,65536,0.937491
1,49,262144,8.556054
2,49,262144,2.330282
3,49,262144,1.395732
1,49,1048576,15.165484
2,49,1048576,5.802514
3,49,1048576,4.965809
1,49,256,1.064215
2,49,256,1.083090
3,49,256,1.041853
1,49,1024,1.537258
2,49,1024,1.003654
3,49,1024,0.939127
1,49,4096,1.738044
2,49,4096,1.099724
3,49,4096,1.115245
1,49,16384,3.245886
2,49,16384,1.283701
3,49,16384,1.160323
1,49,65536,5.105305
2,49,65536,1.367391
3,49,65536,1.075535
1,49,262144,8.593084
2,49,262144,2.200156
3,49,262144,1.078192
1,49,1048576,11.536852
2,49,1048576,4.327569
3,49,1048576,4.557529
1,49,256,1.206466
2,49,256,1.175365
3,49,256,1.103990
1,49,1024,1.329307
2,49,1024,1.240539
3,49,1024,1.247976
1,49,4096,2.846253
2,49,4096,1.303843
3,49,4096,1.159857
1,49,16384,4.481631
2,49,16384,1.465325
3,49,16384,1.289027
1,49,65536,9.464524
2,49,65536,2.058444
3,49,65536,1.338993
1,49,262144,10.489054
2,49,262144,3.143485
3,49,262144,1.748205
1,49,1048576,17.380765
2,49,1048576,8.149166
3,49,1048576,5.830175
1,49,256,1.148289
2,49,256,1.187942
3,49,256,1.156110
1,49,1024,1.232633
2,49,1024,1.091836
3,49,1024,1.179958
1,49,4096,2.226654
2,49,4096,1.227427
3,49,4096,0.947797
1,49,16384,3.594105
2,49,16384,1.543332
3,49,16384,1.159780
1,49,65536,6.064912
2,49,65536,1.337955
3,49,65536,0.998784
1,49,262144,11.134857
2,49,262144,2.407279
3,49,262144,1.574236
1,49,1048576,20.238101
2,49,1048576,4.970153
3,49,1048576,4.363242
