1,64,256,0.990560
2,64,256,0.956005
3,64,256,0.972009
1,64,1024,1.161363
2,64,1024,0.901598
3,64,1024,1.106942
1,64,4096,1.230214
2,64,4096,0.748882
3,64,4096,0.712356
1,64,16384,1.959647
2,64,16384,0.738796
3,64,16384,0.869340
1,64,65536,3.797368
2,64,65536,1.241181
3,64,65536,0.813198
1,64,262144,5.389177
2,64,262144,1.612166
3,64,262144,0.852445
1,64,1048576,10.976154
2,64,1048576,4.087348
3,64,1048576,3.006405
1,64,256,1.068204
2,64,256,1.187890
3,64,256,1.134837
1,64,1024,1.333665
2,64,1024,1.198919
3,64,1024,1.226532
1,64,4096,2.112710
2,64,4096,1.340540
3,64,4096,1.117281
1,64,16384,3.382062
2,64,16384,1.384958
3,64,16384,1.148318
1,64,65536,6.740653
2,64,65536,1.807442
3,64,65536,1.030702
1,64,262144,9.345345
2,64,262144,2.626080
3,64,262144,1.949098
1,64,1048576,16.841886
2,64,1048576,5.607708
3,64,1048576,4.736816
1,64,256,1.889304
2,64,256,1.075965
3,64,256,1.043956
1,64,1024,1.288939
2,64,1024,1.044720
3,64,1024,1.152934
1,64,4096,2.896819
2,64,4096,1.263914
3,64,4096,1.327755
1,64,16384,4.331623
2,64,16384,1.283852
3,64,16384,1.130962
1,64,65536,6.165141
2,64,65536,1.487533
3,64,65536,1.053589
1,64,262144,9.913583
2,64,262144,2.800527
3,64,262144,1.552695
1,64,1048576,14.899704
2,64,1048576,5.939522
3,64,1048576,5.142764
1,64,256,1.321452
2,64,256,1.359927
3,64,256,1.273509
1,64,1024,1.629048
2,64,1024,1.295162
3,64,1024,1.333762
1,64,4096,3.114319
2,64,4096,1.507865
3,64,4096,1.099882
1,64,16384,4.533950
2,64,16384,1.336134
3,64,16384,1.133808
1,64,65536,8.753103
2,64,65536,1.932587
3,64,65536,1.369270
1,64,262144,14.265920
2,64,262144,2.875134
3,64,262144,1.490756
1,64,1048576,17.018583
2,64,1048576,4.924516
3,64,1048576,4.295333
1,64,256,1.120078
2,64,256,1.094165
3,64,256,1.048010
1,64,1024,1.711224
2,64,1024,1.129417
3,64,1024,1.263961
1,64,4096,1.524719
2,64,4096,0.923944
3,64,4096,1.035877
1,64,16384,3.689214
2,64,16384,1.418568
3,64,16384,1.192689
1,64,65536,6.725553
2,64,65536,1.721311
3,64,65536,1.231772
1,64,262144,8.769470
2,64,262144,2.105655
3,64,262144,1.462582
1,64,1048576,15.974553
2,64,1048576,4.774493
3,64,1048576,5.032491
