1,36,256,0.873878
2,36,256,0.972454
3,36,256,0.963959
1,36,1024,1.214258
2,36,1024,0.858945
3,36,1024,0.987821
1,36,4096,1.471484
2,36,4096,1.002980
3,36,4096,1.127820
1,36,16384,1.600804
2,36,16384,0.261471
3,36,16384,0.366438
1,36,65536,6.113358
2,36,65536,1.097454
3,36,65536,0.806392
1,36,262144,8.421990
2,36,262144,1.969847
3,36,262144,1.118247
1,36,1048576,12.988038
2,36,1048576,3.896322
3,36,1048576,3.668073
1,36,256,0.912223
2,36,256,0.987960
3,36,256,0.700030
1,36,1024,0.828704
2,36,1024,0.814954
3,36,1024,0.877511
1,36,4096,0.778590
2,36,4096,0.774684
3,36,4096,0.787944
1,36,16384,0.911330
2,36,16384,0.666830
3,36,16384,0.959760
1,36,65536,3.797535
2,36,65536,1.403791
3,36,65536,1.017793
1,36,262144,11.605652
2,36,262144,2.346018
3,36,262144,1.395116
1,36,1048576,14.044430
2,36,1048576,6.042702
3,36,1048576,5.040692
1,36,256,1.237090
2,36,256,1.041966
3,36,256,1.162215
1,36,1024,1.371084
2,36,1024,1.196632
3,36,1024,1.170605
1,36,4096,1.886339
2,36,4096,1.235892
3,36,4096,1.188688
1,36,16384,3.910072
2,36,16384,1.521755
3,36,16384,1.199280
1,36,65536,6.689882
2,36,65536,1.397008
3,36,65536,1.194867
1,36,262144,5.781489
2,36,262144,2.563639
3,36,262144,1.189167
1,36,1048576,17.058332
2,36,1048576,5.370587
3,36,1048576,3.878623
1,36,256,1.189463
2,36,256,1.107950
3,36,256,1.093827
1,36,1024,1.620877
2,36,1024,1.219924
3,36,1024,1.275815
1,36,4096,2.890061
2,36,4096,1.503497
3,36,4096,1.154787
1,36,16384,3.735357
2,36,16384,1.255767
3,36,16384,1.335627
1,36,65536,6.273104
2,36,65536,1.457926
3,36,65536,1.174732
1,36,262144,12.857605
2,36,262144,2.184440
3,36,262144,1.661982
1,36,1048576,17.956991
2,36,1048576,5.050922
3,36,1048576,5.629511
1,36,256,1.128623
2,36,256,1.110049
3,36,256,1.166421
1,36,1024,1.257005
2,36,1024,1.043867
3,36,1024,1.095923
1,36,4096,1.740382
2,36,4096,0.923721
3,36,4096,1.103918
1,36,16384,3.694065
2,36,16384,1.118631
3,36,16384,1.235329
1,36,65536,5.585691
2,36,65536,1.507583
3,36,65536,1.209221
1,36,262144,10.596010
2,36,262144,1.625419
3,36,262144,1.737180
1,36,1048576,12.793424
2,36,1048576,3.275019
3,36,1048576,3.864471
