1,16,256,0.966467
2,16,256,0.935923
3,16,256,0.963977
1,16,1024,1.042470
2,16,1024,1.003893
3,16,1024,0.939985
1,16,4096,1.886338
2,16,4096,0.749740
3,16,4096,0.747746
1,16,16384,3.137938
2,16,16384,1.024155
3,16,16384,1.072456
1,16,65536,5.317324
2,16,65536,1.050519
3,16,65536,0.810917
1,16,262144,7.825863
2,16,262144,1.358994
3,16,262144,1.110135
1,16,1048576,10.633669
2,16,1048576,4.321266
3,16,1048576,4.132529
1,16,256,0.946382
2,16,256,0.933111
3,16,256,0.991964
1,16,1024,1.011495
2,16,1024,0.941622
3,16,1024,0.991279
1,16,4096,1.934294
2,16,4096,0.795838
3,16,4096,0.850250
1,16,16384,3.401935
2,16,16384,1.030933
3,16,16384,0.711157
1,16,65536,5.637448
2,16,65536,0.746723
3,16,65536,0.849639
1,16,262144,6.460456
2,16,262144,1.393553
3,16,262144,1.144843
1,16,1048576,11.165617
2,16,1048576,4.708317
3,16,1048576,3.449821
1,16,256,1.193092
2,16,256,1.027303
3,16,256,1.139995
1,16,1024,1.222292
2,16,1024,0.964039
3,16,1024,0.967909
1,16,4096,1.701699
2,16,4096,1.021461
3,16,4096,1.015203
1,16,16384,5.221248
2,16,16384,1.387929
3,16,16384,1.327656
1,16,65536,9.121077
2,16,65536,1.688689
3,16,65536,1.074802
1,16,262144,8.005496
2,16,262144,1.629350
3,16,262144,1.072759
1,16,1048576,12.353239
2,16,1048576,4.718953
3,16,1048576,4.821003
1,16,256,1.093169
2,16,256,0.791951
3,16,256,0.747988
1,16,1024,1.705811
2,16,1024,1.044459
3,16,1024,1.119911
1,16,4096,2.636468
2,16,4096,1.088764
3,16,4096,0.913612
1,16,16384,4.595511
2,16,16384,1.051673
3,16,16384,1.087237
1,16,65536,7.789425
2,16,65536,1.560876
3,16,65536,1.086838
1,16,262144,13.145744
2,16,262144,1.711613
3,16,262144,1.430820
1,16,1048576,17.841053
2,16,1048576,8.741434
3,16,1048576,5.948125
1,16,256,0.895493
2,16,256,0.623946
3,16,256,0.931529
1,16,1024,0.973668
2,16,1024,0.951853
3,16,1024,0.399953
1,16,4096,1.666008
2,16,4096,0.693549
3,16,4096,0.813943
1,16,16384,1.501338
2,16,16384,0.024305
3,16,16384,0.023981
1,16,65536,0.421545
2,16,65536,0.089617
3,16,65536,0.210411
1,16,262144,4.281089
2,16,262144,1.345834
3,16,262144,1.136844
1,16,1048576,10.377384
2,16,1048576,3.023929
3,16,1048576,2.308635
