csews1 csews2 csews3 csews4 csews5 csews6 csews7 csews8 csews9 csews10 csews12 csews14 csews15 csews16 csews17 csews18 csews20 csews22 csews23 csews24 csews25 csews26 csews27 csews28 csews29 csews30 csews31 csews32 csews34 csews35 csews36 csews37 
Number of hosts: 32
Read Node Data
Unable to open node data file for csews34
Unable to open node data file for csews35
Unable to open node data file for csews36
Unable to open node data file for csews37
Read latency Data
Read bw Data
Read Topology Data
Unable to open topology file 
done
Process and Cpu Count
 11,12 4,12 5,12 8,12 8,12 10,12 1,12 2,12 9,12 9,12 9,12 9,12 8,12 8,12 11,12 5,12 5,12 7,12 6,12 7,12 7,12 5,12 4,12 6,12 7,12 5,12 8,12 8,12 
MAX BW : 10Bandwidth Data :
csews1   0 10 10 10 10 10 10 10 10 10 10 10 10 10 10 10 10 10 10 10 10 10 10 10 10 10 10 10 
csews2   10 0 10 10 10 10 10 10 10 10 10 10 10 10 10 10 10 10 10 10 10 10 10 10 10 10 10 10 
csews3   10 10 0 10 10 10 10 10 10 10 10 10 10 10 10 10 10 10 10 10 10 10 10 10 10 10 10 10 
csews4   10 10 10 0 10 10 10 10 10 10 10 10 10 10 10 10 10 10 10 10 10 10 10 10 10 10 10 10 
csews5   10 10 10 10 0 10 10 10 10 10 10 10 10 10 10 10 10 10 10 10 10 10 10 10 10 10 10 10 
csews6   10 10 10 10 10 0 10 10 10 10 10 10 10 10 10 10 10 10 10 10 10 10 10 10 10 10 10 10 
csews7   10 10 10 10 10 10 0 10 10 10 10 10 10 10 10 10 10 10 10 10 10 10 10 10 10 10 10 10 
csews8   10 10 10 10 10 10 10 0 10 10 10 10 10 10 10 10 10 10 10 10 10 10 10 10 10 10 10 10 
csews9   10 10 10 10 10 10 10 10 0 10 10 10 10 10 10 10 10 10 10 10 10 10 10 10 10 10 10 10 
csews10   10 10 10 10 10 10 10 10 10 0 10 10 10 10 10 10 10 10 10 10 10 10 10 10 10 10 10 10 
csews12   10 10 10 10 10 10 10 10 10 10 0 10 10 10 10 10 10 10 10 10 10 10 10 10 10 10 10 10 
csews14   10 10 10 10 10 10 10 10 10 10 10 0 10 10 10 10 10 10 10 10 10 10 10 10 10 10 10 10 
csews15   10 10 10 10 10 10 10 10 10 10 10 10 0 10 10 10 10 10 10 10 10 10 10 10 10 10 10 10 
csews16   10 10 10 10 10 10 10 10 10 10 10 10 10 0 10 10 10 10 10 10 10 10 10 10 10 10 10 10 
csews17   10 10 10 10 10 10 10 10 10 10 10 10 10 10 0 10 10 10 10 10 10 10 10 10 10 10 10 10 
csews18   10 10 10 10 10 10 10 10 10 10 10 10 10 10 10 0 10 10 10 10 10 10 10 10 10 10 10 10 
csews20   10 10 10 10 10 10 10 10 10 10 10 10 10 10 10 10 0 10 10 10 10 10 10 10 10 10 10 10 
csews22   10 10 10 10 10 10 10 10 10 10 10 10 10 10 10 10 10 0 10 10 10 10 10 10 10 10 10 10 
csews23   10 10 10 10 10 10 10 10 10 10 10 10 10 10 10 10 10 10 0 10 10 10 10 10 10 10 10 10 
csews24   10 10 10 10 10 10 10 10 10 10 10 10 10 10 10 10 10 10 10 0 10 10 10 10 10 10 10 10 
csews25   10 10 10 10 10 10 10 10 10 10 10 10 10 10 10 10 10 10 10 10 0 10 10 10 10 10 10 10 
csews26   10 10 10 10 10 10 10 10 10 10 10 10 10 10 10 10 10 10 10 10 10 0 10 10 10 10 10 10 
csews27   10 10 10 10 10 10 10 10 10 10 10 10 10 10 10 10 10 10 10 10 10 10 0 10 10 10 10 10 
csews28   10 10 10 10 10 10 10 10 10 10 10 10 10 10 10 10 10 10 10 10 10 10 10 0 10 10 10 10 
csews29   10 10 10 10 10 10 10 10 10 10 10 10 10 10 10 10 10 10 10 10 10 10 10 10 0 10 10 10 
csews30   10 10 10 10 10 10 10 10 10 10 10 10 10 10 10 10 10 10 10 10 10 10 10 10 10 0 10 10 
csews31   10 10 10 10 10 10 10 10 10 10 10 10 10 10 10 10 10 10 10 10 10 10 10 10 10 10 0 10 
csews32   10 10 10 10 10 10 10 10 10 10 10 10 10 10 10 10 10 10 10 10 10 10 10 10 10 10 10 0 
Latency Data :
0 0 0 0 0 0 0 0 0 0 0 0 0 0 0 0 0 0 0 0 0 0 0 0 0 0 0 0 
0 0 0 0 0 0 0 0 0 0 0 0 0 0 0 0 0 0 0 0 0 0 0 0 0 0 0 0 
0 0 0 0 0 0 0 0 0 0 0 0 0 0 0 0 0 0 0 0 0 0 0 0 0 0 0 0 
0 0 0 0 0 0 0 0 0 0 0 0 0 0 0 0 0 0 0 0 0 0 0 0 0 0 0 0 
0 0 0 0 0 0 0 0 0 0 0 0 0 0 0 0 0 0 0 0 0 0 0 0 0 0 0 0 
0 0 0 0 0 0 0 0 0 0 0 0 0 0 0 0 0 0 0 0 0 0 0 0 0 0 0 0 
0 0 0 0 0 0 0 0 0 0 0 0 0 0 0 0 0 0 0 0 0 0 0 0 0 0 0 0 
0 0 0 0 0 0 0 0 0 0 0 0 0 0 0 0 0 0 0 0 0 0 0 0 0 0 0 0 
0 0 0 0 0 0 0 0 0 0 0 0 0 0 0 0 0 0 0 0 0 0 0 0 0 0 0 0 
0 0 0 0 0 0 0 0 0 0 0 0 0 0 0 0 0 0 0 0 0 0 0 0 0 0 0 0 
0 0 0 0 0 0 0 0 0 0 0 0 0 0 0 0 0 0 0 0 0 0 0 0 0 0 0 0 
0 0 0 0 0 0 0 0 0 0 0 0 0 0 0 0 0 0 0 0 0 0 0 0 0 0 0 0 
0 0 0 0 0 0 0 0 0 0 0 0 0 0 0 0 0 0 0 0 0 0 0 0 0 0 0 0 
0 0 0 0 0 0 0 0 0 0 0 0 0 0 0 0 0 0 0 0 0 0 0 0 0 0 0 0 
0 0 0 0 0 0 0 0 0 0 0 0 0 0 0 0 0 0 0 0 0 0 0 0 0 0 0 0 
0 0 0 0 0 0 0 0 0 0 0 0 0 0 0 0 0 0 0 0 0 0 0 0 0 0 0 0 
0 0 0 0 0 0 0 0 0 0 0 0 0 0 0 0 0 0 0 0 0 0 0 0 0 0 0 0 
0 0 0 0 0 0 0 0 0 0 0 0 0 0 0 0 0 0 0 0 0 0 0 0 0 0 0 0 
0 0 0 0 0 0 0 0 0 0 0 0 0 0 0 0 0 0 0 0 0 0 0 0 0 0 0 0 
0 0 0 0 0 0 0 0 0 0 0 0 0 0 0 0 0 0 0 0 0 0 0 0 0 0 0 0 
0 0 0 0 0 0 0 0 0 0 0 0 0 0 0 0 0 0 0 0 0 0 0 0 0 0 0 0 
0 0 0 0 0 0 0 0 0 0 0 0 0 0 0 0 0 0 0 0 0 0 0 0 0 0 0 0 
0 0 0 0 0 0 0 0 0 0 0 0 0 0 0 0 0 0 0 0 0 0 0 0 0 0 0 0 
0 0 0 0 0 0 0 0 0 0 0 0 0 0 0 0 0 0 0 0 0 0 0 0 0 0 0 0 
0 0 0 0 0 0 0 0 0 0 0 0 0 0 0 0 0 0 0 0 0 0 0 0 0 0 0 0 
0 0 0 0 0 0 0 0 0 0 0 0 0 0 0 0 0 0 0 0 0 0 0 0 0 0 0 0 
0 0 0 0 0 0 0 0 0 0 0 0 0 0 0 0 0 0 0 0 0 0 0 0 0 0 0 0 
0 0 0 0 0 0 0 0 0 0 0 0 0 0 0 0 0 0 0 0 0 0 0 0 0 0 0 0 
Topology Data :
0 0 0 0 0 0 0 0 0 0 0 0 0 0 0 0 0 0 0 0 0 0 0 0 0 0 0 0 
0 0 0 0 0 0 0 0 0 0 0 0 0 0 0 0 0 0 0 0 0 0 0 0 0 0 0 0 
0 0 0 0 0 0 0 0 0 0 0 0 0 0 0 0 0 0 0 0 0 0 0 0 0 0 0 0 
0 0 0 0 0 0 0 0 0 0 0 0 0 0 0 0 0 0 0 0 0 0 0 0 0 0 0 0 
0 0 0 0 0 0 0 0 0 0 0 0 0 0 0 0 0 0 0 0 0 0 0 0 0 0 0 0 
0 0 0 0 0 0 0 0 0 0 0 0 0 0 0 0 0 0 0 0 0 0 0 0 0 0 0 0 
0 0 0 0 0 0 0 0 0 0 0 0 0 0 0 0 0 0 0 0 0 0 0 0 0 0 0 0 
0 0 0 0 0 0 0 0 0 0 0 0 0 0 0 0 0 0 0 0 0 0 0 0 0 0 0 0 
0 0 0 0 0 0 0 0 0 0 0 0 0 0 0 0 0 0 0 0 0 0 0 0 0 0 0 0 
0 0 0 0 0 0 0 0 0 0 0 0 0 0 0 0 0 0 0 0 0 0 0 0 0 0 0 0 
0 0 0 0 0 0 0 0 0 0 0 0 0 0 0 0 0 0 0 0 0 0 0 0 0 0 0 0 
0 0 0 0 0 0 0 0 0 0 0 0 0 0 0 0 0 0 0 0 0 0 0 0 0 0 0 0 
0 0 0 0 0 0 0 0 0 0 0 0 0 0 0 0 0 0 0 0 0 0 0 0 0 0 0 0 
0 0 0 0 0 0 0 0 0 0 0 0 0 0 0 0 0 0 0 0 0 0 0 0 0 0 0 0 
0 0 0 0 0 0 0 0 0 0 0 0 0 0 0 0 0 0 0 0 0 0 0 0 0 0 0 0 
0 0 0 0 0 0 0 0 0 0 0 0 0 0 0 0 0 0 0 0 0 0 0 0 0 0 0 0 
0 0 0 0 0 0 0 0 0 0 0 0 0 0 0 0 0 0 0 0 0 0 0 0 0 0 0 0 
0 0 0 0 0 0 0 0 0 0 0 0 0 0 0 0 0 0 0 0 0 0 0 0 0 0 0 0 
0 0 0 0 0 0 0 0 0 0 0 0 0 0 0 0 0 0 0 0 0 0 0 0 0 0 0 0 
0 0 0 0 0 0 0 0 0 0 0 0 0 0 0 0 0 0 0 0 0 0 0 0 0 0 0 0 
0 0 0 0 0 0 0 0 0 0 0 0 0 0 0 0 0 0 0 0 0 0 0 0 0 0 0 0 
0 0 0 0 0 0 0 0 0 0 0 0 0 0 0 0 0 0 0 0 0 0 0 0 0 0 0 0 
0 0 0 0 0 0 0 0 0 0 0 0 0 0 0 0 0 0 0 0 0 0 0 0 0 0 0 0 
0 0 0 0 0 0 0 0 0 0 0 0 0 0 0 0 0 0 0 0 0 0 0 0 0 0 0 0 
0 0 0 0 0 0 0 0 0 0 0 0 0 0 0 0 0 0 0 0 0 0 0 0 0 0 0 0 
0 0 0 0 0 0 0 0 0 0 0 0 0 0 0 0 0 0 0 0 0 0 0 0 0 0 0 0 
0 0 0 0 0 0 0 0 0 0 0 0 0 0 0 0 0 0 0 0 0 0 0 0 0 0 0 0 
0 0 0 0 0 0 0 0 0 0 0 0 0 0 0 0 0 0 0 0 0 0 0 0 0 0 0 0 
Node Data :
band_10 :7 :7 :7 :7 :6 :5 :4 :4 :3 :2 :2 :3 :3 :3 :3 :5 :5 :0 :0 :0 :0 :3 :3 :3 :3 :4 :0 :0 
band_150 :4 :4 :4 :3 :4 :3 :3 :3 :1 :1 :1 :1 :2 :2 :2 :3 :3 :3 :5 :3 :3 :3 :1 :2 :2 :2 :1 :1 
band_50 :3 :4 :4 :3 :3 :2 :2 :2 :0 :0 :0 :0 :1 :0 :2 :3 :3 :3 :7 :3 :3 :4 :4 :2 :1 :1 :0 :0 
corecount :0 :0 :0 :0 :0 :0 :0 :0 :0 :0 :0 :0 :0 :0 :0 :0 :0 :0 :0 :0 :0 :0 :0 :0 :0 :0 :0 :0 
cpucount :0 :0 :0 :0 :0 :0 :0 :0 :0 :0 :0 :0 :0 :0 :0 :0 :0 :0 :0 :0 :0 :0 :0 :0 :0 :0 :0 :0 
cpufreqcurrent :1260 :1068 :1175 :1162 :1032 :1212 :1164 :1044 :308 :0 :321 :318 :322 :305 :276 :1063 :1195 :310 :322 :342 :321 :575 :265 :298 :265 :1003 :1097 :265 
cpufreqmax :0 :0 :0 :0 :0 :0 :0 :0 :0 :0 :0 :0 :0 :0 :0 :0 :0 :0 :0 :0 :0 :0 :0 :0 :0 :0 :0 :0 
cpufreqmin :0 :0 :0 :0 :0 :0 :0 :0 :0 :0 :0 :0 :0 :0 :0 :0 :0 :0 :0 :0 :0 :0 :0 :0 :0 :0 :0 :0 
load_1 :3.0925 :2.85583 :2.875 :2.8175 :2.57333 :1.20417 :0.908333 :0.881667 :0.256667 :0.230833 :0.295833 :0.3625 :20.5667 :0.416667 :0.114167 :0.75 :3.05833 :0.380833 :0.414167 :0.350833 :0.374167 :0.410833 :0.349167 :0.3725 :0.26 :0.726667 :0.1425 :0.2825 
load_15 :2.94917 :2.1825 :2.0825 :1.70083 :1.9025 :1.1725 :0.909167 :0.795 :0.283333 :0.273333 :0.3075 :0.2675 :9.73917 :0.348333 :0.240833 :0.368333 :1.805 :0.51 :0.631667 :0.523333 :0.630833 :0.936667 :1.28917 :0.860833 :0.829167 :0.584167 :0.755833 :0.4575 
load_5 :3.35417 :2.70333 :2.6475 :2.22167 :2.2775 :1.28333 :0.996667 :0.8025 :0.248333 :0.2775 :0.360833 :0.2775 :20.3433 :0.418333 :0.173333 :0.545833 :2.3675 :0.550833 :0.78 :0.54 :0.536667 :0.715 :0.829167 :0.543333 :0.5475 :0.526667 :0.571667 :0.4225 
memory :4096 :4096 :4096 :4096 :8192 :4096 :4096 :4096 :4096 :4096 :4096 :4096 :4096 :12288 :4096 :4096 :4096 :12288 :4096 :4096 :12288 :4096 :0 :4096 :4096 :4096 :4096 :4096 
memory_10 :769 :519 :657 :698 :481 :220 :217 :574 :569 :10633 :318 :504 :15266 :485 :683 :956 :1449 :516 :534 :204 :200 :133 :148 :232 :496 :279 :442 :0 
memory_150 :745 :297 :335 :239 :126 :121 :129 :469 :554 :10551 :312 :317 :4219 :486 :1152 :811 :1825 :537 :552 :208 :283 :229 :197 :316 :576 :188 :524 :0 
memory_50 :912 :432 :532 :451 :250 :202 :195 :513 :715 :10649 :478 :418 :11826 :533 :693 :956 :1418 :628 :648 :294 :305 :216 :226 :289 :530 :215 :493 :0 
node :1 :2 :3 :4 :5 :6 :7 :8 :9 :10 :12 :14 :15 :16 :17 :18 :20 :22 :23 :24 :25 :26 :27 :28 :29 :30 :31 :32 
nodeusers :0 :15 :14 :5 :14 :14 :15 :15 :13 :6 :15 :15 :13 :16 :14 :14 :10 :13 :13 :14 :13 :16 :15 :14 :14 :15 :15 :15 
processcount :8 :8 :8 :8 :8 :8 :8 :8 :8 :8 :8 :8 :8 :8 :8 :8 :8 :8 :8 :8 :8 :8 :8 :8 :8 :8 :8 :8 
util_10 :99 :99 :99 :99 :99 :96 :83 :83 :18 :20 :27 :44 :9 :18 :7 :59 :100 :14 :14 :13 :13 :19 :10 :19 :19 :83 :16 :27 
util_150 :99 :99 :99 :97 :96 :88 :79 :72 :22 :14 :29 :22 :19 :37 :22 :35 :99 :46 :59 :49 :49 :54 :49 :49 :41 :48 :64 :47 
util_50 :99 :99 :99 :99 :97 :89 :80 :70 :27 :14 :31 :22 :24 :28 :9 :58 :100 :50 :59 :51 :50 :50 :44 :35 :13 :43 :32 :29 

Compute Load
0::30.2065  1::28.8449  2::29.0387  3::27.9638  4::26.0382  5::18.7199  6::15.5878  7::15.6188  8::6.28491  9::19.9762  10::5.90472  11::8.11581  12::111.267  13::6.8526  14::5.83285  15::15.1015  16::28.2052  17::5.76108  18::8.18877  19::5.15639  20::5.197  21::9.00757  22::8.28992  23::7.62536  24::6.80757  25::13.4345  26::3.36472  27::3.60763  
Normalised Compute Load
0::0.0634591  1::0.0605985  2::0.0610056  3::0.0587475  4::0.0547021  5::0.0393274  6::0.0327475  7::0.0328126  8::0.0132036  9::0.0419667  10::0.0124049  11::0.01705  12::0.233755  13::0.0143962  14::0.0122539  15::0.0317258  16::0.0592547  17::0.0121031  18::0.0172033  19::0.0108328  20::0.0109181  21::0.0189235  22::0.0174158  23::0.0160197  24::0.0143016  25::0.0282238  26::0.00706873  27::0.00757906  
Normalised Network Load :
0 :: 0 0.0185185 0.0185185 0.0185185 0.0185185 0.0185185 0.0185185 0.0185185 0.0185185 0.0185185 0.0185185 0.0185185 0.0185185 0.0185185 0.0185185 0.0185185 0.0185185 0.0185185 0.0185185 0.0185185 0.0185185 0.0185185 0.0185185 0.0185185 0.0185185 0.0185185 0.0185185 0.0185185 
0 :: 0 0.037037 0.037037 0.037037 0.037037 0.037037 0.037037 0.037037 0.037037 0.037037 0.037037 0.037037 0.037037 0.037037 0.037037 0.037037 0.037037 0.037037 0.037037 0.037037 0.037037 0.037037 0.037037 0.037037 0.037037 0.037037 0.037037 0.037037 
0 :: 0 0 0 0 0 0 0 0 0 0 0 0 0 0 0 0 0 0 0 0 0 0 0 0 0 0 0 0 
1 :: 0.0185185 0 0.0185185 0.0185185 0.0185185 0.0185185 0.0185185 0.0185185 0.0185185 0.0185185 0.0185185 0.0185185 0.0185185 0.0185185 0.0185185 0.0185185 0.0185185 0.0185185 0.0185185 0.0185185 0.0185185 0.0185185 0.0185185 0.0185185 0.0185185 0.0185185 0.0185185 0.0185185 
1 :: 0.037037 0 0.037037 0.037037 0.037037 0.037037 0.037037 0.037037 0.037037 0.037037 0.037037 0.037037 0.037037 0.037037 0.037037 0.037037 0.037037 0.037037 0.037037 0.037037 0.037037 0.037037 0.037037 0.037037 0.037037 0.037037 0.037037 0.037037 
1 :: 0 0 0 0 0 0 0 0 0 0 0 0 0 0 0 0 0 0 0 0 0 0 0 0 0 0 0 0 
2 :: 0.0185185 0.0185185 0 0.0185185 0.0185185 0.0185185 0.0185185 0.0185185 0.0185185 0.0185185 0.0185185 0.0185185 0.0185185 0.0185185 0.0185185 0.0185185 0.0185185 0.0185185 0.0185185 0.0185185 0.0185185 0.0185185 0.0185185 0.0185185 0.0185185 0.0185185 0.0185185 0.0185185 
2 :: 0.037037 0.037037 0 0.037037 0.037037 0.037037 0.037037 0.037037 0.037037 0.037037 0.037037 0.037037 0.037037 0.037037 0.037037 0.037037 0.037037 0.037037 0.037037 0.037037 0.037037 0.037037 0.037037 0.037037 0.037037 0.037037 0.037037 0.037037 
2 :: 0 0 0 0 0 0 0 0 0 0 0 0 0 0 0 0 0 0 0 0 0 0 0 0 0 0 0 0 
3 :: 0.0185185 0.0185185 0.0185185 0 0.0185185 0.0185185 0.0185185 0.0185185 0.0185185 0.0185185 0.0185185 0.0185185 0.0185185 0.0185185 0.0185185 0.0185185 0.0185185 0.0185185 0.0185185 0.0185185 0.0185185 0.0185185 0.0185185 0.0185185 0.0185185 0.0185185 0.0185185 0.0185185 
3 :: 0.037037 0.037037 0.037037 0 0.037037 0.037037 0.037037 0.037037 0.037037 0.037037 0.037037 0.037037 0.037037 0.037037 0.037037 0.037037 0.037037 0.037037 0.037037 0.037037 0.037037 0.037037 0.037037 0.037037 0.037037 0.037037 0.037037 0.037037 
3 :: 0 0 0 0 0 0 0 0 0 0 0 0 0 0 0 0 0 0 0 0 0 0 0 0 0 0 0 0 
4 :: 0.0185185 0.0185185 0.0185185 0.0185185 0 0.0185185 0.0185185 0.0185185 0.0185185 0.0185185 0.0185185 0.0185185 0.0185185 0.0185185 0.0185185 0.0185185 0.0185185 0.0185185 0.0185185 0.0185185 0.0185185 0.0185185 0.0185185 0.0185185 0.0185185 0.0185185 0.0185185 0.0185185 
4 :: 0.037037 0.037037 0.037037 0.037037 0 0.037037 0.037037 0.037037 0.037037 0.037037 0.037037 0.037037 0.037037 0.037037 0.037037 0.037037 0.037037 0.037037 0.037037 0.037037 0.037037 0.037037 0.037037 0.037037 0.037037 0.037037 0.037037 0.037037 
4 :: 0 0 0 0 0 0 0 0 0 0 0 0 0 0 0 0 0 0 0 0 0 0 0 0 0 0 0 0 
5 :: 0.0185185 0.0185185 0.0185185 0.0185185 0.0185185 0 0.0185185 0.0185185 0.0185185 0.0185185 0.0185185 0.0185185 0.0185185 0.0185185 0.0185185 0.0185185 0.0185185 0.0185185 0.0185185 0.0185185 0.0185185 0.0185185 0.0185185 0.0185185 0.0185185 0.0185185 0.0185185 0.0185185 
5 :: 0.037037 0.037037 0.037037 0.037037 0.037037 0 0.037037 0.037037 0.037037 0.037037 0.037037 0.037037 0.037037 0.037037 0.037037 0.037037 0.037037 0.037037 0.037037 0.037037 0.037037 0.037037 0.037037 0.037037 0.037037 0.037037 0.037037 0.037037 
5 :: 0 0 0 0 0 0 0 0 0 0 0 0 0 0 0 0 0 0 0 0 0 0 0 0 0 0 0 0 
6 :: 0.0185185 0.0185185 0.0185185 0.0185185 0.0185185 0.0185185 0 0.0185185 0.0185185 0.0185185 0.0185185 0.0185185 0.0185185 0.0185185 0.0185185 0.0185185 0.0185185 0.0185185 0.0185185 0.0185185 0.0185185 0.0185185 0.0185185 0.0185185 0.0185185 0.0185185 0.0185185 0.0185185 
6 :: 0.037037 0.037037 0.037037 0.037037 0.037037 0.037037 0 0.037037 0.037037 0.037037 0.037037 0.037037 0.037037 0.037037 0.037037 0.037037 0.037037 0.037037 0.037037 0.037037 0.037037 0.037037 0.037037 0.037037 0.037037 0.037037 0.037037 0.037037 
6 :: 0 0 0 0 0 0 0 0 0 0 0 0 0 0 0 0 0 0 0 0 0 0 0 0 0 0 0 0 
7 :: 0.0185185 0.0185185 0.0185185 0.0185185 0.0185185 0.0185185 0.0185185 0 0.0185185 0.0185185 0.0185185 0.0185185 0.0185185 0.0185185 0.0185185 0.0185185 0.0185185 0.0185185 0.0185185 0.0185185 0.0185185 0.0185185 0.0185185 0.0185185 0.0185185 0.0185185 0.0185185 0.0185185 
7 :: 0.037037 0.037037 0.037037 0.037037 0.037037 0.037037 0.037037 0 0.037037 0.037037 0.037037 0.037037 0.037037 0.037037 0.037037 0.037037 0.037037 0.037037 0.037037 0.037037 0.037037 0.037037 0.037037 0.037037 0.037037 0.037037 0.037037 0.037037 
7 :: 0 0 0 0 0 0 0 0 0 0 0 0 0 0 0 0 0 0 0 0 0 0 0 0 0 0 0 0 
8 :: 0.0185185 0.0185185 0.0185185 0.0185185 0.0185185 0.0185185 0.0185185 0.0185185 0 0.0185185 0.0185185 0.0185185 0.0185185 0.0185185 0.0185185 0.0185185 0.0185185 0.0185185 0.0185185 0.0185185 0.0185185 0.0185185 0.0185185 0.0185185 0.0185185 0.0185185 0.0185185 0.0185185 
8 :: 0.037037 0.037037 0.037037 0.037037 0.037037 0.037037 0.037037 0.037037 0 0.037037 0.037037 0.037037 0.037037 0.037037 0.037037 0.037037 0.037037 0.037037 0.037037 0.037037 0.037037 0.037037 0.037037 0.037037 0.037037 0.037037 0.037037 0.037037 
8 :: 0 0 0 0 0 0 0 0 0 0 0 0 0 0 0 0 0 0 0 0 0 0 0 0 0 0 0 0 
9 :: 0.0185185 0.0185185 0.0185185 0.0185185 0.0185185 0.0185185 0.0185185 0.0185185 0.0185185 0 0.0185185 0.0185185 0.0185185 0.0185185 0.0185185 0.0185185 0.0185185 0.0185185 0.0185185 0.0185185 0.0185185 0.0185185 0.0185185 0.0185185 0.0185185 0.0185185 0.0185185 0.0185185 
9 :: 0.037037 0.037037 0.037037 0.037037 0.037037 0.037037 0.037037 0.037037 0.037037 0 0.037037 0.037037 0.037037 0.037037 0.037037 0.037037 0.037037 0.037037 0.037037 0.037037 0.037037 0.037037 0.037037 0.037037 0.037037 0.037037 0.037037 0.037037 
9 :: 0 0 0 0 0 0 0 0 0 0 0 0 0 0 0 0 0 0 0 0 0 0 0 0 0 0 0 0 
10 :: 0.0185185 0.0185185 0.0185185 0.0185185 0.0185185 0.0185185 0.0185185 0.0185185 0.0185185 0.0185185 0 0.0185185 0.0185185 0.0185185 0.0185185 0.0185185 0.0185185 0.0185185 0.0185185 0.0185185 0.0185185 0.0185185 0.0185185 0.0185185 0.0185185 0.0185185 0.0185185 0.0185185 
10 :: 0.037037 0.037037 0.037037 0.037037 0.037037 0.037037 0.037037 0.037037 0.037037 0.037037 0 0.037037 0.037037 0.037037 0.037037 0.037037 0.037037 0.037037 0.037037 0.037037 0.037037 0.037037 0.037037 0.037037 0.037037 0.037037 0.037037 0.037037 
10 :: 0 0 0 0 0 0 0 0 0 0 0 0 0 0 0 0 0 0 0 0 0 0 0 0 0 0 0 0 
11 :: 0.0185185 0.0185185 0.0185185 0.0185185 0.0185185 0.0185185 0.0185185 0.0185185 0.0185185 0.0185185 0.0185185 0 0.0185185 0.0185185 0.0185185 0.0185185 0.0185185 0.0185185 0.0185185 0.0185185 0.0185185 0.0185185 0.0185185 0.0185185 0.0185185 0.0185185 0.0185185 0.0185185 
11 :: 0.037037 0.037037 0.037037 0.037037 0.037037 0.037037 0.037037 0.037037 0.037037 0.037037 0.037037 0 0.037037 0.037037 0.037037 0.037037 0.037037 0.037037 0.037037 0.037037 0.037037 0.037037 0.037037 0.037037 0.037037 0.037037 0.037037 0.037037 
11 :: 0 0 0 0 0 0 0 0 0 0 0 0 0 0 0 0 0 0 0 0 0 0 0 0 0 0 0 0 
12 :: 0.0185185 0.0185185 0.0185185 0.0185185 0.0185185 0.0185185 0.0185185 0.0185185 0.0185185 0.0185185 0.0185185 0.0185185 0 0.0185185 0.0185185 0.0185185 0.0185185 0.0185185 0.0185185 0.0185185 0.0185185 0.0185185 0.0185185 0.0185185 0.0185185 0.0185185 0.0185185 0.0185185 
12 :: 0.037037 0.037037 0.037037 0.037037 0.037037 0.037037 0.037037 0.037037 0.037037 0.037037 0.037037 0.037037 0 0.037037 0.037037 0.037037 0.037037 0.037037 0.037037 0.037037 0.037037 0.037037 0.037037 0.037037 0.037037 0.037037 0.037037 0.037037 
12 :: 0 0 0 0 0 0 0 0 0 0 0 0 0 0 0 0 0 0 0 0 0 0 0 0 0 0 0 0 
13 :: 0.0185185 0.0185185 0.0185185 0.0185185 0.0185185 0.0185185 0.0185185 0.0185185 0.0185185 0.0185185 0.0185185 0.0185185 0.0185185 0 0.0185185 0.0185185 0.0185185 0.0185185 0.0185185 0.0185185 0.0185185 0.0185185 0.0185185 0.0185185 0.0185185 0.0185185 0.0185185 0.0185185 
13 :: 0.037037 0.037037 0.037037 0.037037 0.037037 0.037037 0.037037 0.037037 0.037037 0.037037 0.037037 0.037037 0.037037 0 0.037037 0.037037 0.037037 0.037037 0.037037 0.037037 0.037037 0.037037 0.037037 0.037037 0.037037 0.037037 0.037037 0.037037 
13 :: 0 0 0 0 0 0 0 0 0 0 0 0 0 0 0 0 0 0 0 0 0 0 0 0 0 0 0 0 
14 :: 0.0185185 0.0185185 0.0185185 0.0185185 0.0185185 0.0185185 0.0185185 0.0185185 0.0185185 0.0185185 0.0185185 0.0185185 0.0185185 0.0185185 0 0.0185185 0.0185185 0.0185185 0.0185185 0.0185185 0.0185185 0.0185185 0.0185185 0.0185185 0.0185185 0.0185185 0.0185185 0.0185185 
14 :: 0.037037 0.037037 0.037037 0.037037 0.037037 0.037037 0.037037 0.037037 0.037037 0.037037 0.037037 0.037037 0.037037 0.037037 0 0.037037 0.037037 0.037037 0.037037 0.037037 0.037037 0.037037 0.037037 0.037037 0.037037 0.037037 0.037037 0.037037 
14 :: 0 0 0 0 0 0 0 0 0 0 0 0 0 0 0 0 0 0 0 0 0 0 0 0 0 0 0 0 
15 :: 0.0185185 0.0185185 0.0185185 0.0185185 0.0185185 0.0185185 0.0185185 0.0185185 0.0185185 0.0185185 0.0185185 0.0185185 0.0185185 0.0185185 0.0185185 0 0.0185185 0.0185185 0.0185185 0.0185185 0.0185185 0.0185185 0.0185185 0.0185185 0.0185185 0.0185185 0.0185185 0.0185185 
15 :: 0.037037 0.037037 0.037037 0.037037 0.037037 0.037037 0.037037 0.037037 0.037037 0.037037 0.037037 0.037037 0.037037 0.037037 0.037037 0 0.037037 0.037037 0.037037 0.037037 0.037037 0.037037 0.037037 0.037037 0.037037 0.037037 0.037037 0.037037 
15 :: 0 0 0 0 0 0 0 0 0 0 0 0 0 0 0 0 0 0 0 0 0 0 0 0 0 0 0 0 
16 :: 0.0185185 0.0185185 0.0185185 0.0185185 0.0185185 0.0185185 0.0185185 0.0185185 0.0185185 0.0185185 0.0185185 0.0185185 0.0185185 0.0185185 0.0185185 0.0185185 0 0.0185185 0.0185185 0.0185185 0.0185185 0.0185185 0.0185185 0.0185185 0.0185185 0.0185185 0.0185185 0.0185185 
16 :: 0.037037 0.037037 0.037037 0.037037 0.037037 0.037037 0.037037 0.037037 0.037037 0.037037 0.037037 0.037037 0.037037 0.037037 0.037037 0.037037 0 0.037037 0.037037 0.037037 0.037037 0.037037 0.037037 0.037037 0.037037 0.037037 0.037037 0.037037 
16 :: 0 0 0 0 0 0 0 0 0 0 0 0 0 0 0 0 0 0 0 0 0 0 0 0 0 0 0 0 
17 :: 0.0185185 0.0185185 0.0185185 0.0185185 0.0185185 0.0185185 0.0185185 0.0185185 0.0185185 0.0185185 0.0185185 0.0185185 0.0185185 0.0185185 0.0185185 0.0185185 0.0185185 0 0.0185185 0.0185185 0.0185185 0.0185185 0.0185185 0.0185185 0.0185185 0.0185185 0.0185185 0.0185185 
17 :: 0.037037 0.037037 0.037037 0.037037 0.037037 0.037037 0.037037 0.037037 0.037037 0.037037 0.037037 0.037037 0.037037 0.037037 0.037037 0.037037 0.037037 0 0.037037 0.037037 0.037037 0.037037 0.037037 0.037037 0.037037 0.037037 0.037037 0.037037 
17 :: 0 0 0 0 0 0 0 0 0 0 0 0 0 0 0 0 0 0 0 0 0 0 0 0 0 0 0 0 
18 :: 0.0185185 0.0185185 0.0185185 0.0185185 0.0185185 0.0185185 0.0185185 0.0185185 0.0185185 0.0185185 0.0185185 0.0185185 0.0185185 0.0185185 0.0185185 0.0185185 0.0185185 0.0185185 0 0.0185185 0.0185185 0.0185185 0.0185185 0.0185185 0.0185185 0.0185185 0.0185185 0.0185185 
18 :: 0.037037 0.037037 0.037037 0.037037 0.037037 0.037037 0.037037 0.037037 0.037037 0.037037 0.037037 0.037037 0.037037 0.037037 0.037037 0.037037 0.037037 0.037037 0 0.037037 0.037037 0.037037 0.037037 0.037037 0.037037 0.037037 0.037037 0.037037 
18 :: 0 0 0 0 0 0 0 0 0 0 0 0 0 0 0 0 0 0 0 0 0 0 0 0 0 0 0 0 
19 :: 0.0185185 0.0185185 0.0185185 0.0185185 0.0185185 0.0185185 0.0185185 0.0185185 0.0185185 0.0185185 0.0185185 0.0185185 0.0185185 0.0185185 0.0185185 0.0185185 0.0185185 0.0185185 0.0185185 0 0.0185185 0.0185185 0.0185185 0.0185185 0.0185185 0.0185185 0.0185185 0.0185185 
19 :: 0.037037 0.037037 0.037037 0.037037 0.037037 0.037037 0.037037 0.037037 0.037037 0.037037 0.037037 0.037037 0.037037 0.037037 0.037037 0.037037 0.037037 0.037037 0.037037 0 0.037037 0.037037 0.037037 0.037037 0.037037 0.037037 0.037037 0.037037 
19 :: 0 0 0 0 0 0 0 0 0 0 0 0 0 0 0 0 0 0 0 0 0 0 0 0 0 0 0 0 
20 :: 0.0185185 0.0185185 0.0185185 0.0185185 0.0185185 0.0185185 0.0185185 0.0185185 0.0185185 0.0185185 0.0185185 0.0185185 0.0185185 0.0185185 0.0185185 0.0185185 0.0185185 0.0185185 0.0185185 0.0185185 0 0.0185185 0.0185185 0.0185185 0.0185185 0.0185185 0.0185185 0.0185185 
20 :: 0.037037 0.037037 0.037037 0.037037 0.037037 0.037037 0.037037 0.037037 0.037037 0.037037 0.037037 0.037037 0.037037 0.037037 0.037037 0.037037 0.037037 0.037037 0.037037 0.037037 0 0.037037 0.037037 0.037037 0.037037 0.037037 0.037037 0.037037 
20 :: 0 0 0 0 0 0 0 0 0 0 0 0 0 0 0 0 0 0 0 0 0 0 0 0 0 0 0 0 
21 :: 0.0185185 0.0185185 0.0185185 0.0185185 0.0185185 0.0185185 0.0185185 0.0185185 0.0185185 0.0185185 0.0185185 0.0185185 0.0185185 0.0185185 0.0185185 0.0185185 0.0185185 0.0185185 0.0185185 0.0185185 0.0185185 0 0.0185185 0.0185185 0.0185185 0.0185185 0.0185185 0.0185185 
21 :: 0.037037 0.037037 0.037037 0.037037 0.037037 0.037037 0.037037 0.037037 0.037037 0.037037 0.037037 0.037037 0.037037 0.037037 0.037037 0.037037 0.037037 0.037037 0.037037 0.037037 0.037037 0 0.037037 0.037037 0.037037 0.037037 0.037037 0.037037 
21 :: 0 0 0 0 0 0 0 0 0 0 0 0 0 0 0 0 0 0 0 0 0 0 0 0 0 0 0 0 
22 :: 0.0185185 0.0185185 0.0185185 0.0185185 0.0185185 0.0185185 0.0185185 0.0185185 0.0185185 0.0185185 0.0185185 0.0185185 0.0185185 0.0185185 0.0185185 0.0185185 0.0185185 0.0185185 0.0185185 0.0185185 0.0185185 0.0185185 0 0.0185185 0.0185185 0.0185185 0.0185185 0.0185185 
22 :: 0.037037 0.037037 0.037037 0.037037 0.037037 0.037037 0.037037 0.037037 0.037037 0.037037 0.037037 0.037037 0.037037 0.037037 0.037037 0.037037 0.037037 0.037037 0.037037 0.037037 0.037037 0.037037 0 0.037037 0.037037 0.037037 0.037037 0.037037 
22 :: 0 0 0 0 0 0 0 0 0 0 0 0 0 0 0 0 0 0 0 0 0 0 0 0 0 0 0 0 
23 :: 0.0185185 0.0185185 0.0185185 0.0185185 0.0185185 0.0185185 0.0185185 0.0185185 0.0185185 0.0185185 0.0185185 0.0185185 0.0185185 0.0185185 0.0185185 0.0185185 0.0185185 0.0185185 0.0185185 0.0185185 0.0185185 0.0185185 0.0185185 0 0.0185185 0.0185185 0.0185185 0.0185185 
23 :: 0.037037 0.037037 0.037037 0.037037 0.037037 0.037037 0.037037 0.037037 0.037037 0.037037 0.037037 0.037037 0.037037 0.037037 0.037037 0.037037 0.037037 0.037037 0.037037 0.037037 0.037037 0.037037 0.037037 0 0.037037 0.037037 0.037037 0.037037 
23 :: 0 0 0 0 0 0 0 0 0 0 0 0 0 0 0 0 0 0 0 0 0 0 0 0 0 0 0 0 
24 :: 0.0185185 0.0185185 0.0185185 0.0185185 0.0185185 0.0185185 0.0185185 0.0185185 0.0185185 0.0185185 0.0185185 0.0185185 0.0185185 0.0185185 0.0185185 0.0185185 0.0185185 0.0185185 0.0185185 0.0185185 0.0185185 0.0185185 0.0185185 0.0185185 0 0.0185185 0.0185185 0.0185185 
24 :: 0.037037 0.037037 0.037037 0.037037 0.037037 0.037037 0.037037 0.037037 0.037037 0.037037 0.037037 0.037037 0.037037 0.037037 0.037037 0.037037 0.037037 0.037037 0.037037 0.037037 0.037037 0.037037 0.037037 0.037037 0 0.037037 0.037037 0.037037 
24 :: 0 0 0 0 0 0 0 0 0 0 0 0 0 0 0 0 0 0 0 0 0 0 0 0 0 0 0 0 
25 :: 0.0185185 0.0185185 0.0185185 0.0185185 0.0185185 0.0185185 0.0185185 0.0185185 0.0185185 0.0185185 0.0185185 0.0185185 0.0185185 0.0185185 0.0185185 0.0185185 0.0185185 0.0185185 0.0185185 0.0185185 0.0185185 0.0185185 0.0185185 0.0185185 0.0185185 0 0.0185185 0.0185185 
25 :: 0.037037 0.037037 0.037037 0.037037 0.037037 0.037037 0.037037 0.037037 0.037037 0.037037 0.037037 0.037037 0.037037 0.037037 0.037037 0.037037 0.037037 0.037037 0.037037 0.037037 0.037037 0.037037 0.037037 0.037037 0.037037 0 0.037037 0.037037 
25 :: 0 0 0 0 0 0 0 0 0 0 0 0 0 0 0 0 0 0 0 0 0 0 0 0 0 0 0 0 
26 :: 0.0185185 0.0185185 0.0185185 0.0185185 0.0185185 0.0185185 0.0185185 0.0185185 0.0185185 0.0185185 0.0185185 0.0185185 0.0185185 0.0185185 0.0185185 0.0185185 0.0185185 0.0185185 0.0185185 0.0185185 0.0185185 0.0185185 0.0185185 0.0185185 0.0185185 0.0185185 0 0.0185185 
26 :: 0.037037 0.037037 0.037037 0.037037 0.037037 0.037037 0.037037 0.037037 0.037037 0.037037 0.037037 0.037037 0.037037 0.037037 0.037037 0.037037 0.037037 0.037037 0.037037 0.037037 0.037037 0.037037 0.037037 0.037037 0.037037 0.037037 0 0.037037 
26 :: 0 0 0 0 0 0 0 0 0 0 0 0 0 0 0 0 0 0 0 0 0 0 0 0 0 0 0 0 
27 :: 0.0185185 0.0185185 0.0185185 0.0185185 0.0185185 0.0185185 0.0185185 0.0185185 0.0185185 0.0185185 0.0185185 0.0185185 0.0185185 0.0185185 0.0185185 0.0185185 0.0185185 0.0185185 0.0185185 0.0185185 0.0185185 0.0185185 0.0185185 0.0185185 0.0185185 0.0185185 0.0185185 0 
27 :: 0.037037 0.037037 0.037037 0.037037 0.037037 0.037037 0.037037 0.037037 0.037037 0.037037 0.037037 0.037037 0.037037 0.037037 0.037037 0.037037 0.037037 0.037037 0.037037 0.037037 0.037037 0.037037 0.037037 0.037037 0.037037 0.037037 0.037037 0 
27 :: 0 0 0 0 0 0 0 0 0 0 0 0 0 0 0 0 0 0 0 0 0 0 0 0 0 0 0 0 

Nodes
1 2 3 4 5 6 7 8 9 10 12 14 15 16 17 18 20 22 23 24 25 26 27 28 29 30 31 32 
csews1 csews2 csews3 csews4 csews5 csews6 csews7 csews8 csews9 csews10 csews12 csews14 csews15 csews16 csews17 csews18 csews20 csews22 csews23 csews24 csews25 csews26 csews27 csews28 csews29 csews30 csews31 csews32 
Computation, Network each node star:

1 || 0.050425 || 8.75 || 0
2 || 0.050425 || 8.75 || 0
3 || 0.050425 || 8.75 || 0
4 || 0.050425 || 8.75 || 0
5 || 0.050425 || 8.75 || 0
6 || 0.050425 || 8.75 || 0
7 || 0.050425 || 8.75 || 0
8 || 0.050425 || 8.75 || 0
9 || 0.0479739 || 8.75 || 0
10 || 0.0515693 || 8.75 || 0
12 || 0.0478741 || 8.75 || 0
14 || 0.0484547 || 8.75 || 0
15 || 0.0755428 || 8.75 || 0
16 || 0.048123 || 8.75 || 0
17 || 0.0478552 || 8.75 || 0
18 || 0.0502892 || 8.75 || 0
20 || 0.0537303 || 8.75 || 0
22 || 0.0478363 || 8.75 || 0
23 || 0.0484739 || 8.75 || 0
24 || 0.0476775 || 8.75 || 0
25 || 0.0476882 || 8.75 || 0
26 || 0.0486889 || 8.75 || 0
27 || 0.0485004 || 8.75 || 0
28 || 0.0483259 || 8.75 || 0
29 || 0.0481111 || 8.75 || 0
30 || 0.0498514 || 8.75 || 0
31 || 0.047207 || 8.75 || 0
32 || 0.0472708 || 8.75 || 0
Min Load:0.035294 31
Computation, Network each node star:

1 || 0.0170774 || 8.75 || 0
2 || 0.0167199 || 8.75 || 0
3 || 0.0167708 || 8.75 || 0
4 || 0.0164885 || 8.75 || 0
5 || 0.0159828 || 8.75 || 0
6 || 0.014061 || 8.75 || 0
7 || 0.0132385 || 8.75 || 0
8 || 0.0132466 || 8.75 || 0
9 || 0.0107955 || 8.75 || 0
10 || 0.0143909 || 8.75 || 0
12 || 0.0107955 || 8.75 || 0
14 || 0.0112763 || 8.75 || 0
15 || 0.0383644 || 8.75 || 0
16 || 0.0109446 || 8.75 || 0
17 || 0.0107955 || 8.75 || 0
18 || 0.0131108 || 8.75 || 0
20 || 0.0165519 || 8.75 || 0
22 || 0.0107955 || 8.75 || 0
23 || 0.0112955 || 8.75 || 0
24 || 0.0107955 || 8.75 || 0
25 || 0.0107955 || 8.75 || 0
26 || 0.0115105 || 8.75 || 0
27 || 0.011322 || 8.75 || 0
28 || 0.0111475 || 8.75 || 0
29 || 0.0109328 || 8.75 || 0
30 || 0.012673 || 8.75 || 0
31 || 0.0107955 || 8.75 || 0
32 || 0.0107955 || 8.75 || 0
Min Load:0.0342019 9

Allocated Nodes
csews31:8
csews1:8
csews2:8
csews3:8
csews4:8
csews5:8
csews6:8
csews7:8


Allocated Nodes
csews9:8
csews31:8
csews32:8
csews24:8
csews25:8
csews22:8
csews17:8
csews12:8


NODES ALLOCATION WITH MAX COMPUTE
csews31
csews32
csews24
csews25
csews22
csews17
csews12
csews9

