
1,36,256,0.304799
2,36,256,0.239125
3,36,256,0.251508
1,36,1024,0.498769
2,36,1024,0.451052
3,36,1024,0.415955
1,36,4096,0.581095
2,36,4096,0.198694
3,36,4096,0.156010
1,36,16384,0.721548
2,36,16384,0.614901
3,36,16384,0.102676
1,36,65536,1.181235
2,36,65536,0.404108
3,36,65536,0.319247
1,36,262144,1.217710
2,36,262144,0.700518
3,36,262144,0.634415
1,36,1048576,3.797701
2,36,1048576,2.249797
3,36,1048576,2.103922
1,36,256,0.286228
2,36,256,0.138570
3,36,256,0.285801
1,36,1024,0.599401
2,36,1024,0.348983
3,36,1024,0.100569
1,36,4096,0.729300
2,36,4096,0.469040
3,36,4096,0.359410
1,36,16384,0.853460
2,36,16384,0.497726
3,36,16384,0.370469
1,36,65536,1.012069
2,36,65536,0.443632
3,36,65536,0.445663
1,36,262144,1.489398
2,36,262144,0.693190
3,36,262144,0.598291
1,36,1048576,3.726532
2,36,1048576,2.256742
3,36,1048576,2.130378
1,36,256,0.544632
2,36,256,0.313186
3,36,256,0.350517
1,36,1024,0.467722
2,36,1024,0.289705
3,36,1024,0.279816
1,36,4096,0.925371
2,36,4096,0.671717
3,36,4096,0.563685
1,36,16384,0.884597
2,36,16384,0.445509
3,36,16384,0.358519
1,36,65536,1.255068
2,36,65536,0.395286
3,36,65536,0.655770
1,36,262144,1.501679
2,36,262144,0.858506
3,36,262144,0.721231
1,36,1048576,4.161528
2,36,1048576,2.188025
3,36,1048576,2.232973
1,36,256,0.616037
2,36,256,0.567675
3,36,256,0.396114
1,36,1024,0.617131
2,36,1024,0.395309
3,36,1024,0.199694
1,36,4096,1.068811
2,36,4096,0.366357
3,36,4096,0.503746
1,36,16384,1.315526
2,36,16384,0.547020
3,36,16384,0.425386
1,36,65536,1.438514
2,36,65536,0.524058
3,36,65536,0.554854
1,36,262144,2.019451
2,36,262144,0.736287
3,36,262144,0.710331
1,36,1048576,4.413463
2,36,1048576,2.397907
3,36,1048576,2.242125
1,36,256,0.645637
2,36,256,0.447759
3,36,256,0.259984
1,36,1024,0.329762
2,36,1024,0.394195
3,36,1024,0.149186
1,36,4096,0.354819
2,36,4096,0.129164
3,36,4096,0.296652
1,36,16384,0.528615
2,36,16384,0.352362
3,36,16384,0.065177
1,36,65536,1.511237
2,36,65536,0.932421
3,36,65536,0.634281
1,36,262144,1.160624
2,36,262144,0.636247
3,36,262144,0.600391
1,36,1048576,3.582513
2,36,1048576,2.126093
3,36,1048576,2.220908
