
1,16,256,0.556478
2,16,256,0.229370
3,16,256,0.158538
1,16,1024,0.513743
2,16,1024,0.323815
3,16,1024,0.459977
1,16,4096,0.607487
2,16,4096,0.457393
3,16,4096,0.147802
1,16,16384,0.881303
2,16,16384,0.478628
3,16,16384,0.450968
1,16,65536,1.388471
2,16,65536,0.279619
3,16,65536,0.364369
1,16,262144,1.643465
2,16,262144,0.556822
3,16,262144,0.598609
1,16,1048576,3.841505
2,16,1048576,2.182831
3,16,1048576,2.079049
1,16,256,0.585501
2,16,256,0.167032
3,16,256,0.028335
1,16,1024,0.560950
2,16,1024,0.230167
3,16,1024,0.004557
1,16,4096,0.531386
2,16,4096,0.136706
3,16,4096,0.323240
1,16,16384,0.990104
2,16,16384,0.427135
3,16,16384,0.513932
1,16,65536,1.255795
2,16,65536,0.408492
3,16,65536,0.366184
1,16,262144,1.762876
2,16,262144,0.708468
3,16,262144,0.639171
1,16,1048576,3.685532
2,16,1048576,2.464241
3,16,1048576,2.170213
1,16,256,0.604471
2,16,256,0.581979
3,16,256,0.448018
1,16,1024,0.356141
2,16,1024,0.286398
3,16,1024,0.063573
1,16,4096,0.873099
2,16,4096,0.471211
3,16,4096,0.491832
1,16,16384,1.660797
2,16,16384,0.575310
3,16,16384,0.705718
1,16,65536,1.592131
2,16,65536,0.509353
3,16,65536,0.514934
1,16,262144,2.473546
2,16,262144,0.832869
3,16,262144,0.683299
1,16,1048576,4.783152
2,16,1048576,2.336112
3,16,1048576,2.241763
1,16,256,0.664357
2,16,256,0.523705
3,16,256,0.607926
1,16,1024,0.508150
2,16,1024,0.571925
3,16,1024,0.377714
1,16,4096,1.185084
2,16,4096,0.323461
3,16,4096,0.483361
1,16,16384,1.257246
2,16,16384,0.643636
3,16,16384,0.503655
1,16,65536,1.788922
2,16,65536,0.634113
3,16,65536,0.403749
1,16,262144,2.011559
2,16,262144,0.683022
3,16,262144,0.718838
1,16,1048576,4.953710
2,16,1048576,2.281469
3,16,1048576,2.181546
1,16,256,0.549856
2,16,256,0.467988
3,16,256,0.439996
1,16,1024,0.428178
2,16,1024,0.350314
3,16,1024,0.004475
1,16,4096,0.268616
2,16,4096,0.227875
3,16,4096,0.021691
1,16,16384,0.670807
2,16,16384,0.508644
3,16,16384,0.281411
1,16,65536,1.068552
2,16,65536,0.532027
3,16,65536,0.414738
1,16,262144,1.533261
2,16,262144,0.697856
3,16,262144,0.705212
1,16,1048576,3.553371
2,16,1048576,2.224140
3,16,1048576,2.118501
