
1,49,256,0.439080
2,49,256,0.366789
3,49,256,0.407958
1,49,1024,0.347796
2,49,1024,0.055933
3,49,1024,0.105918
1,49,4096,0.410136
2,49,4096,0.230806
3,49,4096,0.255008
1,49,16384,0.690406
2,49,16384,0.186495
3,49,16384,0.078861
1,49,65536,0.954702
2,49,65536,0.352772
3,49,65536,0.300362
1,49,262144,1.473126
2,49,262144,0.778492
3,49,262144,0.696803
1,49,1048576,3.470417
2,49,1048576,2.048041
3,49,1048576,2.198587
1,49,256,0.693211
2,49,256,0.459698
3,49,256,0.388046
1,49,1024,0.512385
2,49,1024,0.447046
3,49,1024,0.397791
1,49,4096,0.631536
2,49,4096,0.394012
3,49,4096,0.323498
1,49,16384,0.765472
2,49,16384,0.420690
3,49,16384,0.376162
1,49,65536,1.477174
2,49,65536,0.705285
3,49,65536,0.572307
1,49,262144,1.376839
2,49,262144,0.800066
3,49,262144,0.664804
1,49,1048576,4.263752
2,49,1048576,2.633161
3,49,1048576,2.369848
1,49,256,0.788780
2,49,256,0.827587
3,49,256,0.628329
1,49,1024,0.559706
2,49,1024,0.526077
3,49,1024,0.607397
1,49,4096,0.835003
2,49,4096,0.575955
3,49,4096,0.604552
1,49,16384,1.227506
2,49,16384,0.658518
3,49,16384,0.607695
1,49,65536,1.720647
2,49,65536,0.658542
3,49,65536,0.629766
1,49,262144,1.743752
2,49,262144,0.755258
3,49,262144,0.707365
1,49,1048576,4.148774
2,49,1048576,2.612557
3,49,1048576,2.584560
1,49,256,0.870487
2,49,256,0.707921
3,49,256,0.565893
1,49,1024,0.780517
2,49,1024,0.501470
3,49,1024,0.387296
1,49,4096,1.660915
2,49,4096,0.789969
3,49,4096,0.484031
1,49,16384,1.421303
2,49,16384,0.599057
3,49,16384,0.543750
1,49,65536,0.981676
2,49,65536,0.504720
3,49,65536,0.479918
1,49,262144,2.101196
2,49,262144,0.948794
3,49,262144,0.708630
1,49,1048576,6.164663
2,49,1048576,3.613546
3,49,1048576,2.396395
1,49,256,0.288788
2,49,256,0.315768
3,49,256,0.211852
1,49,1024,0.485396
2,49,1024,0.383718
3,49,1024,0.367709
1,49,4096,0.624477
2,49,4096,0.449975
3,49,4096,0.383407
1,49,16384,0.637972
2,49,16384,0.248994
3,49,16384,0.191468
1,49,65536,1.067162
2,49,65536,0.390057
3,49,65536,0.351133
1,49,262144,1.759333
2,49,262144,0.723462
3,49,262144,0.667403
1,49,1048576,3.793887
2,49,1048576,2.218863
3,49,1048576,2.290621
