
1,64,256,0.440648
2,64,256,0.311434
3,64,256,0.375940
1,64,1024,0.466789
2,64,1024,0.388203
3,64,1024,0.275903
1,64,4096,0.699636
2,64,4096,0.427305
3,64,4096,0.636479
1,64,16384,1.315702
2,64,16384,0.689781
3,64,16384,0.303491
1,64,65536,1.895226
2,64,65536,0.497102
3,64,65536,0.406296
1,64,262144,3.819852
2,64,262144,1.354946
3,64,262144,0.778995
1,64,1048576,4.660016
2,64,1048576,2.987603
3,64,1048576,2.417955
1,64,256,0.783973
2,64,256,0.803867
3,64,256,0.519588
1,64,1024,0.680802
2,64,1024,0.444241
3,64,1024,0.494069
1,64,4096,1.004727
2,64,4096,0.583672
3,64,4096,0.504779
1,64,16384,1.394152
2,64,16384,0.754697
3,64,16384,0.511270
1,64,65536,1.303403
2,64,65536,0.599887
3,64,65536,0.585432
1,64,262144,2.302949
2,64,262144,0.883231
3,64,262144,0.969396
1,64,1048576,4.442952
2,64,1048576,2.553706
3,64,1048576,2.267211
1,64,256,0.497311
2,64,256,0.487818
3,64,256,0.387214
1,64,1024,0.789188
2,64,1024,0.447831
3,64,1024,0.436335
1,64,4096,0.812749
2,64,4096,0.549588
3,64,4096,0.553177
1,64,16384,2.381076
2,64,16384,0.909142
3,64,16384,0.567734
1,64,65536,3.161742
2,64,65536,0.880314
3,64,65536,0.639878
1,64,262144,2.335083
2,64,262144,1.791295
3,64,262144,0.739895
1,64,1048576,6.702428
2,64,1048576,2.782707
3,64,1048576,2.490968
1,64,256,0.518714
2,64,256,0.499780
3,64,256,0.520285
1,64,1024,0.672024
2,64,1024,0.623836
3,64,1024,0.516775
1,64,4096,0.801445
2,64,4096,0.643550
3,64,4096,0.587134
1,64,16384,1.340441
2,64,16384,0.454771
3,64,16384,0.438155
1,64,65536,1.069325
2,64,65536,0.546522
3,64,65536,0.493824
1,64,262144,1.582742
2,64,262144,0.739260
3,64,262144,0.706664
1,64,1048576,4.557937
2,64,1048576,2.882565
3,64,1048576,2.523643
1,64,256,0.543603
2,64,256,0.346775
3,64,256,0.336832
1,64,1024,0.576064
2,64,1024,0.407937
3,64,1024,0.420416
1,64,4096,0.533278
2,64,4096,0.399323
3,64,4096,0.367827
1,64,16384,0.703187
2,64,16384,0.479585
3,64,16384,0.472512
1,64,65536,1.119101
2,64,65536,0.556526
3,64,65536,0.589415
1,64,262144,1.729568
2,64,262144,0.791732
3,64,262144,0.690430
1,64,1048576,3.790206
2,64,1048576,2.478094
3,64,1048576,2.170275
