
1,64,256,0.878316
2,64,256,0.694872
3,64,256,0.861891
1,64,1024,0.786530
2,64,1024,0.628171
3,64,1024,0.595927
1,64,4096,1.033566
2,64,4096,0.563627
3,64,4096,0.652216
1,64,16384,1.614355
2,64,16384,0.671273
3,64,16384,0.586327
1,64,65536,1.427286
2,64,65536,0.452402
3,64,65536,0.487998
1,64,262144,2.443077
2,64,262144,0.870835
3,64,262144,0.871921
1,64,1048576,3.889545
2,64,1048576,2.591570
3,64,1048576,2.614723
1,64,256,0.451494
2,64,256,0.294319
3,64,256,0.259260
1,64,1024,0.458802
2,64,1024,0.259437
3,64,1024,0.356596
1,64,4096,0.858030
2,64,4096,0.421557
3,64,4096,0.500291
1,64,16384,1.273534
2,64,16384,0.585893
3,64,16384,0.291015
1,64,65536,1.261155
2,64,65536,0.501918
3,64,65536,0.373497
1,64,262144,1.281758
2,64,262144,0.766053
3,64,262144,0.665545
1,64,1048576,5.453103
2,64,1048576,2.748555
3,64,1048576,2.153369
1,64,256,0.485868
2,64,256,0.367311
3,64,256,0.406045
1,64,1024,0.703603
2,64,1024,0.808404
3,64,1024,0.518917
1,64,4096,1.008466
2,64,4096,1.692839
3,64,4096,0.455724
1,64,16384,1.310813
2,64,16384,0.495886
3,64,16384,0.437897
1,64,65536,2.255591
2,64,65536,0.533932
3,64,65536,0.544171
1,64,262144,2.113341
2,64,262144,1.705716
3,64,262144,0.767852
1,64,1048576,5.109715
2,64,1048576,2.488004
3,64,1048576,2.461250
1,64,256,0.578063
2,64,256,0.483055
3,64,256,0.287830
1,64,1024,0.579129
2,64,1024,0.351945
3,64,1024,0.467496
1,64,4096,0.603151
2,64,4096,0.503345
3,64,4096,0.459709
1,64,16384,0.796707
2,64,16384,0.405309
3,64,16384,0.423223
1,64,65536,1.448130
2,64,65536,0.550121
3,64,65536,0.441859
1,64,262144,1.503652
2,64,262144,0.698952
3,64,262144,0.676017
1,64,1048576,3.924082
2,64,1048576,2.473063
3,64,1048576,2.382095
1,64,256,0.448769
2,64,256,0.303741
3,64,256,0.383876
1,64,1024,0.349405
2,64,1024,0.291700
3,64,1024,0.245957
1,64,4096,0.545294
2,64,4096,0.260084
3,64,4096,0.124171
1,64,16384,0.678066
2,64,16384,0.386777
3,64,16384,0.483512
1,64,65536,0.568194
2,64,65536,0.265805
3,64,65536,0.260393
1,64,262144,1.300830
2,64,262144,0.638695
3,64,262144,0.650933
1,64,1048576,3.955391
2,64,1048576,2.358802
3,64,1048576,2.116027
