
1,49,256,0.765546
2,49,256,0.743815
3,49,256,0.787995
1,49,1024,0.750969
2,49,1024,0.540061
3,49,1024,0.552301
1,49,4096,1.422385
2,49,4096,0.887669
3,49,4096,0.436164
1,49,16384,1.550627
2,49,16384,0.539192
3,49,16384,0.548266
1,49,65536,1.254337
2,49,65536,0.575534
3,49,65536,0.388970
1,49,262144,4.414063
2,49,262144,1.526029
3,49,262144,0.781599
1,49,1048576,4.937622
2,49,1048576,2.452042
3,49,1048576,2.550297
1,49,256,0.444413
2,49,256,0.466718
3,49,256,0.313027
1,49,1024,0.499540
2,49,1024,0.643268
3,49,1024,0.204495
1,49,4096,0.823735
2,49,4096,0.580446
3,49,4096,0.567790
1,49,16384,0.690757
2,49,16384,0.455122
3,49,16384,0.434105
1,49,65536,0.875621
2,49,65536,0.340716
3,49,65536,0.289423
1,49,262144,2.008030
2,49,262144,0.985093
3,49,262144,0.712610
1,49,1048576,4.442109
2,49,1048576,3.124330
3,49,1048576,2.408298
1,49,256,0.561109
2,49,256,0.533689
3,49,256,0.343435
1,49,1024,0.572678
2,49,1024,0.519746
3,49,1024,0.599683
1,49,4096,0.552111
2,49,4096,0.507544
3,49,4096,0.403543
1,49,16384,0.632079
2,49,16384,0.378376
3,49,16384,0.270389
1,49,65536,0.692432
2,49,65536,0.320747
3,49,65536,0.361594
1,49,262144,1.490315
2,49,262144,0.684660
3,49,262144,0.658422
1,49,1048576,3.769148
2,49,1048576,2.479617
3,49,1048576,2.409316
1,49,256,0.547408
2,49,256,0.407961
3,49,256,0.523503
1,49,1024,0.429076
2,49,1024,0.503741
3,49,1024,0.507924
1,49,4096,0.545197
2,49,4096,0.415387
3,49,4096,0.332821
1,49,16384,0.950926
2,49,16384,0.437585
3,49,16384,0.352489
1,49,65536,1.413289
2,49,65536,0.504288
3,49,65536,0.578197
1,49,262144,1.579269
2,49,262144,0.637980
3,49,262144,0.693621
1,49,1048576,3.619052
2,49,1048576,2.285544
3,49,1048576,2.227312
1,49,256,0.472290
2,49,256,0.271560
3,49,256,0.251990
1,49,1024,0.568058
2,49,1024,0.336868
3,49,1024,0.463956
1,49,4096,0.405074
2,49,4096,0.305898
3,49,4096,0.447027
1,49,16384,0.564706
2,49,16384,0.259413
3,49,16384,0.179229
1,49,65536,0.856972
2,49,65536,0.309216
3,49,65536,0.448288
1,49,262144,1.445388
2,49,262144,0.798212
3,49,262144,0.686839
1,49,1048576,3.689935
2,49,1048576,2.360795
3,49,1048576,2.146965
