
1,36,256,0.501966
2,36,256,0.438918
3,36,256,0.212014
1,36,1024,0.395281
2,36,1024,0.302213
3,36,1024,0.095633
1,36,4096,0.487206
2,36,4096,0.259376
3,36,4096,0.295706
1,36,16384,1.027366
2,36,16384,0.609712
3,36,16384,0.412884
1,36,65536,1.325474
2,36,65536,0.599531
3,36,65536,0.545415
1,36,262144,1.787550
2,36,262144,0.745345
3,36,262144,0.735010
1,36,1048576,6.007220
2,36,1048576,2.980119
3,36,1048576,3.146202
1,36,256,0.406204
2,36,256,0.029263
3,36,256,0.035397
1,36,1024,0.099414
2,36,1024,0.044114
3,36,1024,0.043640
1,36,4096,0.116841
2,36,4096,0.033938
3,36,4096,0.043862
1,36,16384,0.404943
2,36,16384,0.081018
3,36,16384,0.040743
1,36,65536,0.434152
2,36,65536,0.193622
3,36,65536,0.257352
1,36,262144,0.761622
2,36,262144,0.425631
3,36,262144,0.531724
1,36,1048576,2.787566
2,36,1048576,1.376078
3,36,1048576,1.371831
1,36,256,0.337149
2,36,256,0.095724
3,36,256,0.228045
1,36,1024,0.680309
2,36,1024,0.423609
3,36,1024,0.459792
1,36,4096,0.569785
2,36,4096,0.310879
3,36,4096,0.355457
1,36,16384,0.505246
2,36,16384,0.233488
3,36,16384,0.181382
1,36,65536,0.797994
2,36,65536,0.358590
3,36,65536,0.453306
1,36,262144,1.546437
2,36,262144,0.692493
3,36,262144,0.622205
1,36,1048576,3.690197
2,36,1048576,2.343511
3,36,1048576,2.217497
1,36,256,0.880131
2,36,256,0.495626
3,36,256,0.495553
1,36,1024,0.643838
2,36,1024,0.498271
3,36,1024,0.431964
1,36,4096,0.773053
2,36,4096,0.506028
3,36,4096,0.367393
1,36,16384,1.128764
2,36,16384,0.592608
3,36,16384,0.523048
1,36,65536,0.970845
2,36,65536,0.300885
3,36,65536,0.428700
1,36,262144,2.149152
2,36,262144,0.695121
3,36,262144,0.702122
1,36,1048576,4.389978
2,36,1048576,2.437234
3,36,1048576,2.167041
1,36,256,0.605921
2,36,256,0.162722
3,36,256,0.061425
1,36,1024,0.622511
2,36,1024,0.384461
3,36,1024,0.531719
1,36,4096,0.411452
2,36,4096,0.487103
3,36,4096,0.427597
1,36,16384,0.689874
2,36,16384,0.449198
3,36,16384,0.435262
1,36,65536,1.194541
2,36,65536,0.369341
3,36,65536,0.352569
1,36,262144,1.368137
2,36,262144,0.801709
3,36,262144,0.679074
1,36,1048576,3.869249
2,36,1048576,2.084947
3,36,1048576,2.158401
