
1,16,256,0.010473
2,16,256,0.005215
3,16,256,0.004728
1,16,1024,0.021101
2,16,1024,0.006021
3,16,1024,0.004848
1,16,4096,0.033241
2,16,4096,0.015254
3,16,4096,0.007200
1,16,16384,0.095275
2,16,16384,0.027863
3,16,16384,0.019397
1,16,65536,0.170115
2,16,65536,0.071753
3,16,65536,0.070953
1,16,262144,0.422527
2,16,262144,0.256906
3,16,262144,0.295093
1,16,1048576,1.560210
2,16,1048576,1.171327
3,16,1048576,1.155399
1,16,256,0.042198
2,16,256,0.005174
3,16,256,0.018237
1,16,1024,0.269850
2,16,1024,0.006701
3,16,1024,0.005210
1,16,4096,0.268953
2,16,4096,0.063108
3,16,4096,0.045963
1,16,16384,0.453110
2,16,16384,0.141620
3,16,16384,0.148447
1,16,65536,0.396081
2,16,65536,0.186587
3,16,65536,0.166047
1,16,262144,0.934553
2,16,262144,0.635259
3,16,262144,0.577902
1,16,1048576,3.183359
2,16,1048576,2.173655
3,16,1048576,1.914435
1,16,256,0.668726
2,16,256,0.663519
3,16,256,0.543999
1,16,1024,0.240454
2,16,1024,0.004508
3,16,1024,0.004162
1,16,4096,0.611592
2,16,4096,0.367678
3,16,4096,0.346540
1,16,16384,0.501468
2,16,16384,0.265419
3,16,16384,0.154404
1,16,65536,0.875769
2,16,65536,0.308998
3,16,65536,0.255388
1,16,262144,1.601364
2,16,262144,0.716523
3,16,262144,0.690584
1,16,1048576,3.938221
2,16,1048576,2.087177
3,16,1048576,2.283355
1,16,256,0.608241
2,16,256,0.435073
3,16,256,0.205285
1,16,1024,0.610845
2,16,1024,0.563405
3,16,1024,0.571956
1,16,4096,0.864751
2,16,4096,0.643887
3,16,4096,0.600106
1,16,16384,1.774154
2,16,16384,0.680010
3,16,16384,0.607725
1,16,65536,1.277217
2,16,65536,0.575939
3,16,65536,0.459101
1,16,262144,2.077226
2,16,262144,0.835845
3,16,262144,0.681631
1,16,1048576,4.378401
2,16,1048576,2.190128
3,16,1048576,2.422328
1,16,256,0.674240
2,16,256,0.655983
3,16,256,0.656165
1,16,1024,0.584081
2,16,1024,0.036155
3,16,1024,0.151484
1,16,4096,0.632493
2,16,4096,0.006992
3,16,4096,0.022429
1,16,16384,0.629777
2,16,16384,0.395757
3,16,16384,0.138780
1,16,65536,1.513238
2,16,65536,0.616123
3,16,65536,0.605384
1,16,262144,1.369397
2,16,262144,0.653975
3,16,262144,0.638484
1,16,1048576,3.681469
2,16,1048576,2.118509
3,16,1048576,2.119045
